$SPEC_ID:
No sample description was entered.
$SPEC_REM:
DET# 1
DETDESC# DESKTOP-R52NV8M Easy-MCA-2k SN 12016099
AP# Maestro Version 6.05
$DATE_MEA:
12/01/2022 15:10:49
$MEAS_TIM:
299 300
$DATA:
0 2047
       0
       0
       0
       0
       0
       0
       0
       0
       0
       0
       0
       0
       0
       0
       0
       0
       0
       0
       0
       0
       0
       0
       0
       0
       0
       0
       0
       0
       0
       0
       0
       0
       0
       0
       0
       0
       0
       0
       0
       0
       0
       0
       0
       0
       0
       0
       0
      72
     189
     199
     166
     204
     178
     195
     172
     179
     158
     162
     149
     196
     172
     168
     170
     162
     163
     159
     160
     146
     153
     156
     124
     150
     126
     134
     135
     117
     126
     119
     140
     107
     120
     113
     146
     115
     103
     104
     101
     127
     121
     106
      93
      88
      97
      79
      89
      93
      78
      82
      85
      86
      82
      89
      98
      70
      87
      60
      63
      76
      74
      64
      64
      66
      73
      55
      68
      75
      71
      57
      48
      56
      46
      51
      53
      49
      51
      34
      49
      53
      48
      43
      37
      44
      45
      44
      39
      37
      27
      30
      47
      35
      38
      36
      38
      29
      32
      25
      27
      28
      39
      29
      31
      33
      29
      28
      29
      32
      25
      26
      27
      37
      20
      30
      25
      25
      22
      18
      25
      25
      28
      25
      23
      25
      21
      25
      19
      22
      16
      22
      26
      25
      22
      15
      16
      25
      20
      14
      20
      18
      21
      18
      21
      17
      18
      16
      20
      14
      15
      14
      11
      14
      11
      13
      10
      14
      13
      17
      20
      15
      20
      22
      15
       9
      26
      22
      20
      20
      19
      11
      15
      17
      23
      16
      13
      11
      13
      19
      12
      16
      10
      17
       9
      12
      13
      17
       8
      10
      18
      16
      18
      15
      18
      15
      10
      11
      18
      19
      19
      14
       8
      17
      12
      12
      12
      12
      12
      14
       9
      12
      11
      10
      11
       9
      13
       4
      13
       9
      11
      12
      11
      13
      17
       9
       9
      10
      24
       8
      12
      10
      14
       7
       9
      14
      13
       7
       7
      10
      11
       6
      16
      12
       9
       4
      15
       7
       4
       8
      11
      11
       4
       9
       7
       8
      10
       9
       7
       8
       9
       8
       6
       9
       3
       3
      10
       6
      10
       5
       5
       9
      11
      14
       7
       5
       8
       9
       3
       7
       8
      11
       9
      12
       8
      10
       5
       3
      10
       7
       7
       3
       2
       5
       9
       7
       8
       4
       6
       4
       5
       5
      11
       7
       4
       7
       9
       9
       8
       2
       5
       8
      12
      11
       7
       6
       6
       8
       5
       8
       4
       4
       3
       5
       7
       8
       8
       3
       6
       8
      14
       5
       6
       4
      10
       7
       7
       7
       4
       7
       4
       7
       2
       5
       4
      10
       4
       6
       7
       6
       6
       5
       3
       7
       6
       3
       7
       4
       4
       6
       3
       5
       3
       4
       4
       6
       3
       3
       3
       8
       4
       6
       6
       6
       5
       1
       5
       2
       2
       8
       3
       6
       2
       6
       3
       7
       6
       4
       6
       8
       7
       3
       6
       5
       3
       8
       6
       3
       1
       4
       5
       4
       1
       3
       4
       4
       3
       4
       2
       6
       4
       5
       2
       5
       2
       6
       4
       2
       4
       3
       2
       3
       4
       3
       6
       3
       7
       6
       6
       6
       9
      10
       4
       3
       6
       4
       4
       3
       1
       1
       5
       2
       2
       2
       3
       5
      10
       6
       4
       3
       2
       3
       0
       1
       4
       0
       2
       2
       3
       3
       2
       4
       2
       3
       2
       4
       2
       3
       1
       3
       4
       0
       4
       3
       2
       5
       3
       5
       6
       2
      10
       8
       2
       7
       5
       2
       2
       1
       2
       4
       1
       5
       4
       1
       2
       2
       2
       3
       4
       2
       2
       2
       4
       1
       2
       6
       2
       2
       8
       4
       1
       4
       1
       1
       3
       3
       0
       2
       2
       2
       0
       7
       1
       2
       1
       3
       4
       1
       1
       2
       0
       2
       5
       1
       2
       2
       2
       0
       2
       5
       1
       4
       0
       4
       2
       2
       1
       6
       1
       1
       3
       1
       1
       0
       0
       0
       2
       2
       2
       1
       3
       2
       1
       1
       3
       1
       2
       2
       3
       4
       3
       0
       3
       7
       0
       1
       1
       1
       3
       2
       0
       4
       3
       4
       1
       2
       3
       1
       0
       2
       2
       1
       1
       2
       1
       0
       2
       0
       1
       0
       0
       3
       2
       1
       2
       0
       0
       1
       1
       0
       1
       0
       0
       0
       2
       0
       0
       0
       1
       2
       0
       1
       0
       0
       1
       1
       2
       1
       2
       2
       1
       1
       0
       1
       0
       0
       2
       0
       0
       3
       1
       3
       0
       0
       0
       2
       2
       1
       0
       0
       1
       0
       1
       1
       0
       0
       1
       1
       1
       0
       1
       0
       1
       0
       2
       1
       1
       0
       1
       1
       1
       0
       1
       0
       1
       0
       0
       1
       3
       0
       2
       1
       3
       0
       0
       0
       0
       0
       0
       0
       1
       1
       0
       0
       0
       1
       2
       0
       0
       0
       0
       0
       1
       0
       1
       1
       0
       0
       1
       0
       0
       0
       1
       0
       0
       1
       1
       2
       0
       0
       0
       0
       2
       0
       1
       0
       0
       1
       0
       0
       1
       1
       0
       1
       0
       1
       0
       1
       1
       0
       0
       0
       0
       0
       0
       0
       0
       0
       0
       0
       1
       4
       0
       1
       0
       0
       0
       0
       0
       1
       0
       0
       0
       0
       0
       0
       0
       0
       0
       0
       1
       0
       3
       2
       0
       3
       0
       1
       0
       0
       0
       1
       1
       0
       0
       0
       0
       0
       0
       0
       1
       0
       0
       1
       0
       0
       0
       0
       1
       0
       0
       0
       0
       1
       0
       0
       1
       0
       0
       0
       1
       1
       2
       0
       1
       0
       1
       1
       0
       0
       2
       1
       0
       1
       1
       0
       0
       0
       1
       0
       0
       0
       0
       0
       0
       0
       0
       1
       0
       0
       0
       0
       0
       1
       0
       0
       0
       1
       1
       0
       0
       0
       1
       0
       0
       1
       0
       0
       0
       0
       1
       1
       0
       0
       0
       0
       0
       0
       0
       0
       0
       0
       0
       0
       0
       0
       1
       0
       0
       1
       0
       2
       0
       1
       0
       0
       0
       0
       0
       1
       1
       0
       0
       0
       1
       0
       1
       0
       0
       0
       1
       0
       0
       0
       0
       3
       1
       0
       0
       0
       0
       0
       1
       1
       0
       0
       1
       1
       0
       0
       0
       0
       1
       0
       0
       0
       0
       0
       0
       0
       1
       0
       1
       1
       0
       0
       0
       1
       0
       0
       0
       0
       0
       0
       0
       1
       0
       0
       0
       0
       0
       0
       0
       0
       0
       0
       0
       0
       0
       0
       0
       0
       0
       1
       0
       0
       0
       0
       0
       0
       1
       1
       0
       0
       0
       0
       0
       0
       1
       0
       0
       0
       0
       0
       0
       1
       0
       0
       0
       0
       0
       0
       1
       0
       0
       0
       0
       1
       0
       1
       0
       0
       0
       1
       1
       0
       0
       0
       0
       0
       0
       0
       1
       0
       0
       0
       0
       0
       0
       0
       0
       0
       0
       0
       0
       0
       0
       0
       0
       0
       0
       0
       0
       0
       0
       0
       0
       0
       0
       0
       1
       0
       1
       0
       0
       0
       0
       1
       0
       0
       0
       0
       0
       0
       0
       0
       0
       1
       0
       0
       0
       0
       0
       0
       0
       0
       0
       0
       0
       0
       0
       0
       0
       0
       0
       0
       0
       2
       1
       0
       0
       0
       0
       0
       0
       1
       0
       0
       0
       0
       1
       0
       0
       1
       0
       0
       0
       0
       0
       0
       0
       0
       0
       0
       0
       0
       1
       0
       0
       0
       1
       0
       0
       0
       0
       0
       0
       0
       0
       0
       0
       0
       0
       0
       0
       0
       0
       0
       0
       0
       0
       0
       0
       0
       0
       0
       0
       0
       0
       0
       0
       1
       0
       0
       0
       0
       0
       0
       0
       0
       0
       0
       0
       0
       0
       1
       0
       0
       1
       0
       0
       0
       0
       0
       0
       0
       0
       0
       0
       0
       0
       0
       0
       0
       0
       0
       0
       0
       0
       0
       0
       0
       0
       0
       0
       0
       0
       0
       0
       1
       0
       0
       0
       0
       0
       0
       0
       0
       0
       0
       1
       0
       0
       0
       0
       0
       0
       0
       0
       0
       0
       0
       0
       0
       0
       0
       0
       0
       0
       0
       0
       0
       0
       0
       0
       0
       0
       0
       0
       0
       0
       0
       0
       0
       0
       0
       0
       0
       0
       0
       0
       0
       0
       0
       0
       0
       0
       0
       0
       0
       0
       0
       0
       0
       0
       0
       0
       0
       0
       0
       0
       0
       0
       0
       0
       0
       0
       0
       0
       0
       0
       0
       0
       0
       0
       0
       0
       0
       0
       0
       0
       0
       0
       0
       0
       0
       0
       0
       0
       0
       0
       0
       0
       0
       0
       0
       0
       0
       0
       0
       0
       0
       0
       0
       0
       0
       0
       0
       0
       0
       0
       0
       0
       0
       0
       0
       0
       0
       0
       0
       0
       0
       0
       0
       0
       0
       0
       0
       0
       0
       0
       0
       0
       0
       0
       0
       0
       0
       0
       0
       0
       0
       0
       0
       0
       0
       0
       0
       0
       0
       0
       1
       0
       0
       0
       0
       0
       0
       0
       0
       0
       0
       0
       0
       0
       0
       0
       0
       0
       0
       0
       0
       0
       0
       0
       0
       0
       0
       0
       0
       0
       0
       0
       0
       0
       0
       0
       0
       0
       0
       0
       0
       0
       0
       0
       0
       0
       0
       0
       0
       0
       0
       0
       0
       0
       0
       0
       0
       0
       0
       0
       0
       0
       0
       0
       0
       0
       0
       0
       0
       0
       0
       0
       0
       0
       0
       0
       0
       0
       0
       0
       0
       0
       0
       0
       0
       0
       0
       0
       0
       0
       0
       0
       0
       0
       0
       0
       0
       0
       0
       0
       0
       0
       0
       0
       0
       0
       0
       0
       0
       0
       0
       0
       0
       0
       0
       0
       0
       0
       0
       0
       0
       0
       0
       0
       0
       0
       0
       0
       0
       0
       0
       0
       0
       0
       0
       0
       0
       0
       0
       0
       0
       0
       0
       0
       0
       0
       0
       0
       0
       0
       0
       0
       0
       0
       0
       0
       0
       0
       0
       0
       0
       0
       0
       0
       0
       0
       0
       0
       0
       0
       0
       0
       0
       0
       0
       1
       0
       0
       0
       0
       0
       0
       0
       0
       0
       0
       0
       0
       0
       0
       0
       0
       0
       0
       0
       0
       1
       0
       0
       0
       0
       0
       0
       0
       0
       0
       0
       0
       0
       0
       0
       0
       0
       0
       0
       0
       0
       0
       0
       0
       0
       0
       0
       0
       0
       0
       0
       0
       0
       0
       0
       0
       0
       0
       0
       0
       0
       0
       0
       0
       0
       0
       0
       0
       0
       0
       0
       0
       0
       0
       0
       1
       1
       0
       0
       0
       0
       0
       0
       0
       0
       0
       0
       0
       0
       1
       0
       0
       0
       1
       0
       0
       0
       0
       0
       0
       0
       0
       0
       0
       0
       0
       0
       0
       0
       0
       0
       0
       0
       0
       0
       0
       0
       0
       0
       1
       0
       0
       0
       0
       0
       0
       1
       0
       0
       0
       0
       0
       0
       0
       0
       0
       0
       0
       0
       0
       0
       0
       0
       0
       0
       0
       1
       0
       0
       0
       0
       0
       0
       0
       0
       0
       0
       0
       0
       0
       0
       0
       0
       0
       0
       0
       0
       0
       0
       0
       0
       0
       0
       0
       0
       0
       0
       0
       0
       0
       0
       0
       0
       0
       0
       0
       0
       0
       0
       0
       0
       0
       0
       0
       0
       0
       0
       0
       0
       0
       0
       0
       0
       0
       0
       0
       0
       0
       0
       0
       0
       0
       0
       0
       0
       0
       0
       0
       0
       0
       0
       0
       0
       0
       0
       0
       0
       0
       0
       0
       0
       1
       0
       0
       0
       0
       0
       0
       1
       0
       0
       0
       0
       0
       0
       0
       0
       0
       0
       0
       0
       0
       0
       0
       0
       0
       0
       0
       0
       0
       0
       0
       0
       0
       0
       0
       0
       0
       0
       0
       0
       0
       0
       0
       0
       0
       1
       0
       0
       0
       0
       0
       0
       0
       0
       0
       0
       0
       0
       0
       0
       0
       0
       0
       0
       0
       0
       0
       0
       0
       0
       0
       0
       0
       0
       0
       0
       0
       0
       0
       0
       0
       0
       1
       0
       0
       0
       0
       0
       1
       0
       0
       0
       0
       0
       0
       0
       0
       0
       0
       0
       0
       0
       0
       0
       0
       0
       0
       0
       0
       0
       0
       0
       0
       0
       0
       0
       0
       0
       0
       0
       0
       0
       0
       0
       0
       0
       0
       0
       0
       0
       0
       0
       0
       0
       0
       0
       0
       0
       0
       0
       0
       0
       0
       0
       0
       0
       0
       0
       0
       0
       0
       0
       0
       0
       0
       0
       0
       0
       0
       0
       0
       0
       0
       0
       0
       0
       0
       0
       0
       0
       0
       0
       0
       0
       0
       1
       0
       0
       0
       0
       0
       0
       0
       0
       0
       0
       0
       0
       0
       0
       0
       0
       0
       0
       0
       0
       0
       0
       0
       0
       0
       0
       0
       0
       0
       0
       0
       0
       0
       0
       0
       0
       0
       0
       0
       0
       0
       0
       0
       0
       0
       0
       0
       0
       0
       0
       0
       0
       0
       0
       0
       0
       0
       0
       0
       0
       0
       0
       0
       0
       0
       0
       0
       0
$ROI:
0
$PRESETS:
Real Time
300
0
$ENER_FIT:
0.469351 0.014037
$MCA_CAL:
3
4.693512E-001 1.403652E-002 9.492896E-006
$SHAPE_CAL:
3
-9.945114E-001 3.232270E-002 -6.428470E-005
