$SPEC_ID:
No sample description was entered.
$SPEC_REM:
DET# 2
DETDESC# ARTS-DW016925 Easy-MCA-2k SN 13254640
AP# Maestro Version 7.01
$DATE_MEA:
03/23/2023 12:45:39
$MEAS_TIM:
433329 433329
$DATA:
0 2047
       0
       0
       0
       0
       0
       0
       0
       0
       0
       0
       0
       0
       0
       0
       0
       0
       0
       0
       0
       0
       0
       0
       0
       0
       0
       0
       0
       0
       0
       0
       0
       0
       0
       0
       0
       0
       0
       0
       0
       2
      10
      20
      36
      22
      15
      25
      26
      30
      26
      25
      25
      21
      29
      15
      21
      26
      17
      24
      28
      19
      28
      30
      19
      20
      24
      26
      23
      24
      33
      22
      22
      25
      20
      15
      24
      24
      24
      16
      17
      35
      20
      25
      31
      19
      17
      25
      21
      21
      30
      14
      19
      27
      26
      13
      15
      18
      18
      24
      30
      14
      23
      18
      16
      17
      26
      23
      16
      24
      18
      18
      19
      16
      18
      16
       8
      20
      12
      21
      21
      16
      18
      20
      21
      25
      15
      24
      16
      18
      18
      13
      22
      15
      11
       8
      15
      19
      19
      13
      11
      19
      16
      21
      15
      13
      15
      15
      23
       6
      15
       9
      11
      14
      15
      11
      16
      10
      18
      14
      12
      16
       6
      18
      15
      17
      14
      13
       8
      22
       7
       6
       7
      13
       9
      15
      10
      11
       6
       9
      13
      13
      15
      10
      11
      14
       5
      12
      13
       6
       6
       9
      11
       8
       9
      12
       7
      12
      10
       5
       4
       5
      11
      13
      11
       5
       9
      10
       9
      12
      10
      10
       3
       3
       5
      14
       9
      11
       8
      10
      15
       7
      10
       8
      11
       6
       9
       8
       8
      10
       8
       8
       8
       7
      15
       6
       7
       5
       5
       7
       8
       6
       8
      15
       8
      10
       9
       8
       5
       6
      11
       9
       5
       6
      10
       7
       7
       3
       9
       8
       5
       1
       3
       6
       7
       3
       8
       4
       5
       2
      14
       5
       4
       6
       5
      10
       6
       7
       3
       5
       4
       8
       7
       8
       3
       5
       9
       5
       6
       9
       3
       4
       5
       8
       3
       4
       0
       5
       5
       4
       4
       6
       3
       5
       4
       7
       4
       7
       7
       1
       5
       3
       3
       5
       5
       4
       3
       5
       2
       5
       3
       4
       3
       2
       3
       7
       4
       3
       5
       7
       3
       8
       3
       4
       7
       8
       5
       1
       1
       5
       1
       2
       3
       3
       2
       0
       5
       1
       2
       4
       1
       4
       4
       4
       5
       6
       6
       3
       4
       4
       2
       2
       6
       5
       4
       5
       1
       2
       4
       3
       3
       2
       1
       4
       4
       4
       4
       4
       1
       3
       3
       0
       1
       0
       2
       3
       1
       2
       2
       6
       0
       1
       2
       1
       6
       2
       2
       4
       3
       2
       3
       3
       3
       1
       6
       1
       0
       1
       3
       3
       3
       2
       5
       1
       0
       4
       2
       1
       1
       3
       2
       1
       2
       1
       5
       1
       1
       3
       4
       4
       2
       0
       1
       2
       1
       1
       0
       1
       3
       2
       1
       2
       0
       1
       2
       3
       2
       1
       1
       1
       0
       3
       3
       3
       1
       2
       1
       0
       0
       4
       1
       0
       1
       1
       2
       1
       2
       1
       0
       2
       1
       1
       1
       0
       1
       0
       1
       1
       2
       2
       0
       1
       1
       3
       2
       3
       1
       2
       2
       0
       1
       2
       4
       2
       4
       3
       1
       1
       0
       0
       1
       3
       2
       4
       1
       3
       1
       2
       1
       0
       2
       1
       0
       1
       1
       1
       2
       1
       2
       0
       0
       3
       1
       1
       0
       1
       3
       1
       0
       0
       2
       1
       3
       1
       2
       2
       0
       2
       1
       0
       2
       1
       1
       1
       0
       2
       0
       1
       3
       1
       4
       1
       1
       5
       3
       1
       1
       1
       1
       0
       0
       0
       0
       0
       1
       2
       1
       0
       1
       2
       1
       0
       2
       1
       2
       0
       1
       1
       0
       0
       2
       0
       1
       0
       1
       2
       2
       3
       0
       1
       1
       1
       0
       1
       2
       2
       0
       2
       1
       1
       0
       0
       1
       1
       1
       1
       0
       1
       0
       1
       0
       1
       0
       0
       0
       0
       3
       0
       0
       1
       0
       3
       0
       1
       0
       0
       1
       2
       0
       1
       2
       1
       1
       0
       0
       1
       1
       1
       2
       0
       1
       0
       2
       0
       0
       1
       0
       1
       0
       1
       0
       0
       0
       0
       0
       0
       0
       0
       0
       0
       2
       1
       0
       0
       1
       1
       0
       1
       0
       3
       0
       1
       0
       0
       2
       1
       1
       0
       1
       0
       0
       2
       2
       1
       2
       2
       0
       0
       1
       0
       0
       1
       1
       0
       0
       1
       0
       1
       1
       0
       0
       1
       0
       1
       0
       0
       1
       0
       0
       0
       1
       0
       0
       0
       0
       0
       1
       1
       0
       0
       0
       1
       0
       1
       0
       0
       0
       0
       0
       0
       0
       0
       1
       0
       0
       0
       0
       0
       0
       0
       0
       0
       0
       0
       0
       0
       0
       0
       0
       0
       0
       0
       0
       0
       0
       0
       0
       0
       0
       0
       0
       0
       0
       0
       0
       0
       0
       0
       0
       0
       0
       0
       0
       0
       0
       0
       0
       0
       0
       0
       0
       0
       0
       0
       0
       0
       0
       0
       0
       0
       0
       0
       0
       0
       0
       0
       0
       0
       0
       0
       0
       0
       0
       0
       0
       0
       0
       0
       0
       0
       0
       0
       0
       0
       0
       0
       0
       0
       0
       0
       0
       0
       0
       0
       0
       0
       0
       0
       0
       0
       0
       0
       0
       0
       0
       0
       0
       0
       0
       0
       0
       0
       0
       0
       0
       0
       0
       0
       0
       0
       0
       0
       0
       0
       0
       0
       0
       0
       0
       0
       0
       0
       0
       0
       0
       0
       0
       0
       0
       0
       0
       0
       0
       0
       0
       0
       0
       0
       0
       0
       0
       0
       0
       0
       0
       0
       0
       0
       0
       0
       0
       0
       0
       0
       0
       0
       0
       0
       0
       0
       0
       0
       0
       0
       0
       0
       0
       0
       0
       0
       0
       0
       0
       0
       0
       0
       0
       0
       0
       0
       0
       0
       0
       0
       0
       0
       0
       0
       0
       0
       0
       0
       0
       0
       0
       0
       0
       0
       0
       0
       0
       0
       0
       0
       0
       0
       0
       0
       0
       0
       0
       0
       0
       0
       0
       0
       0
       0
       0
       0
       0
       0
       0
       0
       0
       0
       0
       0
       0
       0
       0
       0
       0
       0
       0
       0
       0
       0
       0
       0
       0
       0
       0
       0
       0
       0
       0
       0
       0
       0
       0
       0
       0
       0
       0
       0
       0
       0
       0
       0
       0
       0
       0
       0
       0
       0
       0
       0
       0
       0
       0
       0
       0
       0
       0
       0
       0
       0
       0
       0
       0
       0
       0
       0
       0
       0
       0
       0
       0
       0
       0
       0
       0
       0
       0
       0
       0
       0
       0
       0
       0
       0
       0
       0
       0
       0
       0
       0
       0
       0
       0
       0
       0
       0
       0
       0
       0
       0
       0
       0
       0
       0
       0
       0
       0
       0
       0
       0
       0
       0
       0
       0
       0
       0
       0
       0
       0
       0
       0
       0
       0
       0
       0
       0
       0
       0
       0
       0
       0
       0
       0
       0
       0
       0
       0
       0
       0
       0
       0
       0
       0
       0
       0
       0
       0
       0
       0
       0
       0
       0
       0
       0
       0
       0
       0
       0
       0
       0
       0
       0
       0
       0
       0
       0
       0
       0
       0
       0
       0
       0
       0
       0
       0
       0
       0
       0
       0
       0
       0
       0
       0
       0
       0
       0
       0
       0
       0
       0
       0
       0
       0
       0
       0
       0
       0
       0
       0
       0
       0
       0
       0
       0
       0
       0
       0
       0
       0
       0
       0
       0
       0
       0
       0
       0
       0
       0
       0
       0
       0
       0
       0
       0
       0
       0
       0
       0
       0
       0
       0
       0
       0
       0
       0
       0
       0
       0
       0
       0
       0
       0
       0
       0
       0
       0
       0
       0
       0
       0
       0
       0
       0
       0
       0
       0
       0
       0
       0
       0
       0
       0
       0
       0
       0
       0
       0
       0
       0
       0
       0
       0
       0
       0
       0
       0
       0
       0
       0
       0
       0
       0
       0
       0
       0
       0
       0
       0
       0
       0
       0
       0
       0
       0
       0
       0
       0
       0
       0
       0
       0
       0
       0
       0
       0
       0
       0
       0
       0
       0
       0
       0
       0
       0
       0
       0
       0
       0
       0
       0
       0
       0
       0
       0
       0
       0
       0
       0
       0
       0
       0
       0
       0
       0
       0
       0
       0
       0
       0
       0
       0
       0
       0
       0
       0
       0
       0
       0
       0
       0
       0
       0
       0
       0
       0
       0
       0
       0
       0
       0
       0
       0
       0
       0
       0
       0
       0
       0
       0
       0
       0
       0
       0
       0
       0
       0
       0
       0
       0
       0
       0
       0
       0
       0
       0
       0
       0
       0
       0
       0
       0
       0
       0
       0
       0
       0
       0
       0
       0
       0
       0
       0
       0
       0
       0
       0
       0
       0
       0
       0
       0
       0
       0
       0
       0
       0
       0
       0
       0
       0
       0
       0
       0
       0
       0
       0
       0
       0
       0
       0
       0
       0
       0
       0
       0
       0
       0
       0
       0
       0
       0
       0
       0
       0
       0
       0
       0
       0
       0
       0
       0
       0
       0
       0
       0
       0
       0
       0
       0
       0
       0
       0
       0
       0
       0
       0
       0
       0
       0
       0
       0
       0
       0
       0
       0
       0
       0
       0
       0
       0
       0
       0
       0
       0
       0
       0
       0
       0
       0
       0
       0
       0
       0
       0
       0
       0
       0
       0
       0
       0
       0
       0
       0
       0
       0
       0
       0
       0
       0
       0
       0
       0
       0
       0
       0
       0
       0
       0
       0
       0
       0
       0
       0
       0
       0
       0
       0
       0
       0
       0
       0
       0
       0
       0
       0
       0
       0
       0
       0
       0
       0
       0
       0
       0
       0
       0
       0
       0
       0
       0
       0
       0
       0
       0
       0
       0
       0
       0
       0
       0
       0
       0
       0
       0
       0
       0
       0
       0
       0
       0
       0
       0
       0
       0
       0
       0
       0
       0
       0
       0
       0
       0
       0
       0
       0
       0
       0
       0
       0
       0
       0
       0
       0
       0
       0
       0
       0
       0
       0
       0
       0
       0
       0
       0
       0
       0
       0
       0
       0
       0
       0
       0
       0
       0
       0
       0
       0
       0
       0
       0
       0
       0
       0
       0
       0
       0
       0
       0
       0
       0
       0
       0
       0
       0
       0
       0
       0
       0
       0
       0
       0
       0
       0
       0
       0
       0
       0
       0
       0
       0
       0
       0
       0
       0
       0
       0
       0
       0
       0
       0
       0
       0
       0
       0
       0
       0
       0
       0
       0
       0
       0
       0
       0
       0
       0
       0
       0
       0
       0
       0
       0
       0
       0
       0
       0
       0
       0
       0
       0
       0
       0
       0
       0
       0
       0
       0
       0
       0
       0
       0
       0
       0
       0
       0
       0
       0
       0
       0
       0
       0
       0
       0
       0
       0
       0
       0
       0
       0
       0
       0
       0
       0
       0
       0
       0
       0
       0
       0
       0
       0
       0
       0
       0
       0
       0
       0
       0
       0
       0
       0
       0
       0
       0
       0
       0
       0
       0
       0
       0
       0
       0
       0
       0
       0
       0
       0
       0
       0
       0
       0
       0
       0
       0
       0
       0
       0
       0
       0
       0
       0
       0
       0
       0
       0
       0
       0
       0
       0
       0
       0
       0
       0
       0
       0
       0
       0
       0
       0
       0
       0
       0
       0
       0
       0
       0
       0
       0
       0
       0
       0
       0
       0
       0
       0
       0
       0
       0
       0
       0
       0
       0
       0
       0
       0
       0
       0
       0
       0
       0
       0
       0
       0
       0
       0
       0
       0
       0
       0
       0
       0
       0
       0
       0
       0
       0
       0
       0
       0
       0
       0
       0
       0
       0
       0
       0
       0
       0
       0
       0
       0
       0
       0
       0
       0
       0
       0
       0
       0
       0
       0
       0
       0
       0
       0
       0
       0
       0
       0
       0
       0
       0
       0
       0
       0
       0
       0
       0
       0
       0
       0
       0
       0
       0
       0
       0
       0
       0
       0
       0
       0
       0
       0
       0
       0
       0
       0
       0
       0
       0
       0
       0
       0
       0
       0
       0
       0
       0
       0
       0
       0
       0
       0
       0
       0
       0
       0
       0
       0
       0
       0
       0
       0
       0
       0
       0
       0
       0
       0
       0
       0
       0
       0
       0
       0
       0
       0
       0
       0
       0
       0
       0
       0
       0
       0
       0
       0
       0
       0
       0
       0
       0
       0
       0
       0
       0
       0
       0
       0
       0
       0
       0
       0
       0
       0
       0
       0
       0
       0
       0
       0
       0
       0
       0
       0
       0
       0
       0
       0
       0
       0
       0
       0
       0
       0
       0
       0
       0
       0
       0
       0
       0
       0
       0
       0
       0
       0
       0
       0
       0
       0
       0
       0
       0
       0
       0
       0
       0
       0
       0
       0
       0
       0
       0
       0
       0
       0
       0
       0
       0
       0
       0
       0
       0
       0
       0
       0
       0
       0
       0
       0
       0
       0
       0
       0
       0
       0
       0
       0
       0
       0
       0
       0
       0
       0
       0
       0
       0
       0
       0
       0
       0
       0
       0
       0
       0
       0
       0
       0
       0
       0
       0
       0
       0
       0
       0
       0
       0
       0
       0
       0
       0
       0
       0
       0
       0
       0
       0
       0
       0
       0
       0
       0
       0
       0
       0
       0
       0
       0
       0
       0
       0
       0
$ROI:
2
320 321
816 1009
$PRESETS:
None
0
0
$ENER_FIT:
0.000000 3.000000
$MCA_CAL:
3
0.000000E+000 3.000000E+000 0.000000E+000 
$SHAPE_CAL:
3
0.000000E+000 0.000000E+000 0.000000E+000
