$SPEC_ID:
No sample description was entered.
$SPEC_REM:
DET# 1
DETDESC# DESKTOP-R52NV8M Easy-MCA-2k SN 12016099
AP# Maestro Version 6.05
$DATE_MEA:
12/01/2022 14:25:07
$MEAS_TIM:
295 300
$DATA:
0 2047
       0
       0
       0
       0
       0
       0
       0
       0
       0
       0
       0
       0
       0
       0
       0
       0
       0
       0
       0
       0
       0
       0
       0
       0
       0
       0
       0
       0
       0
       0
       0
       2
       1
       0
       1
       1
       2
       1
       2
       2
       3
       1
       7
       9
       6
      17
      39
    7369
   14271
   15404
   16155
   16463
   16267
   15264
   13767
   12357
   10723
    8832
    7217
    5857
    4845
    3843
    3163
    2853
    2558
    2385
    2348
    2319
    2405
    2344
    2393
    2389
    2389
    2346
    2516
    2474
    2385
    2411
    2403
    2394
    2413
    2478
    2525
    2473
    2593
    2706
    2691
    2749
    2911
    2937
    3036
    3121
    3239
    3216
    3288
    3438
    3515
    3359
    3489
    3444
    3457
    3417
    3389
    3460
    3508
    3227
    3173
    3229
    3225
    3181
    3130
    3081
    2975
    2900
    2754
    2784
    2775
    2687
    2703
    2473
    2469
    2366
    2287
    2178
    2121
    1962
    1988
    1908
    1922
    1742
    1708
    1734
    1581
    1635
    1583
    1440
    1394
    1343
    1277
    1254
    1278
    1186
    1226
    1142
    1194
    1234
    1100
    1176
    1165
    1197
    1227
    1305
    1350
    1370
    1437
    1550
    1536
    1651
    1716
    1792
    1867
    1895
    2055
    2146
    2167
    2323
    2436
    2413
    2554
    2528
    2739
    2696
    2729
    2730
    2705
    2739
    2826
    2708
    2756
    2711
    2721
    2607
    2644
    2558
    2571
    2516
    2620
    2560
    2722
    2746
    2786
    2969
    2986
    3046
    3415
    3512
    3713
    3961
    4114
    4485
    4658
    4798
    5120
    5207
    5309
    5498
    5626
    5523
    5532
    5409
    5555
    5491
    5240
    5103
    5065
    4694
    4552
    4410
    4220
    3865
    3607
    3374
    3161
    2942
    2829
    2680
    2304
    2160
    1966
    1822
    1649
    1629
    1418
    1266
    1152
    1118
     956
     917
     820
     743
     678
     599
     584
     518
     529
     397
     429
     365
     356
     320
     334
     296
     291
     282
     220
     254
     235
     219
     224
     198
     208
     165
     178
     148
     131
     135
     129
     145
     143
     118
     120
     133
      96
     107
      92
      88
      81
      81
      59
      68
      56
      57
      53
      40
      56
      46
      38
      47
      38
      32
      38
      38
      28
      38
      25
      27
      26
      34
      32
      25
      23
      19
      28
      22
      23
      36
      21
      27
      20
      32
      24
      18
      18
      18
      29
      21
      21
      22
      15
      22
      17
      23
      19
      27
      26
      17
      21
      16
      14
      14
      19
      12
      13
      23
      20
      26
      18
      20
      11
      17
      19
      11
      22
      25
      21
      14
      27
      22
      13
      18
      13
      18
      16
      22
      23
      19
      22
      17
      16
      19
      20
      17
      15
      23
      14
      11
      14
      12
      13
      15
      18
      10
      12
      18
      15
      10
      16
      14
      24
      20
      15
      14
      12
      14
      26
      14
      21
       9
      11
      10
      17
      15
      16
      14
       9
      10
      21
      11
      17
      12
      11
      12
      14
      12
       4
       8
      11
      13
      13
      10
       6
      13
      12
      16
      15
       8
       8
      13
      12
      16
       5
       5
       9
       6
       8
      10
      12
       8
       8
      12
      13
      11
       5
      13
       7
       7
       7
      10
       7
       7
       9
       7
      12
      12
       8
       8
       7
       6
       6
       7
      10
       6
       9
      12
      12
       8
       4
       9
       3
       9
       4
       7
      11
       8
       5
       8
      11
       5
       4
       5
       4
      10
       6
       7
       3
       9
       5
       7
       7
      11
       8
       4
       7
       7
       8
       6
       4
       6
       7
       4
       5
       6
       9
       7
       5
       5
       8
      10
       9
       3
       6
      10
       9
       4
       9
      12
       2
       9
       8
      11
       2
       6
       6
       7
       2
       3
       8
       7
       7
       3
       5
       6
       5
       9
       3
       5
       6
       4
       3
       3
       6
       2
       5
       4
       6
       4
       7
       6
       6
       9
       4
       5
       7
       7
       6
       5
       9
       4
       4
       5
       5
       5
       4
       9
       5
       5
       5
       4
       3
       5
       2
       4
       1
       9
       4
       8
       4
       4
       3
       6
       2
       0
       4
       5
       4
       4
      10
       2
       5
       5
       3
       5
       3
       1
       4
       6
       5
       8
       5
       6
       4
      13
       3
       4
       3
       4
       5
       6
       5
       8
       7
       6
       1
      10
       5
       5
       2
       5
       3
       6
       6
       5
       4
       3
       5
       5
       6
       5
       2
       3
       9
       7
       4
       8
       9
       5
       4
       3
       4
       4
       5
       6
       8
       9
       6
       3
       4
       3
       6
       8
       0
       7
       6
       5
       7
       4
       5
       8
       7
       1
       6
       3
       4
       8
       7
      10
       4
       6
       6
       9
       3
       4
       4
       5
       1
       3
       1
       2
       5
       2
       6
       5
       3
       4
       6
       4
       8
       4
       3
       8
       4
       4
       5
       3
       4
       4
       5
       1
       6
       2
       2
       1
       2
       4
       4
       3
       5
       2
       2
       3
       5
       1
       4
       3
       5
       1
       1
       2
       6
       6
       2
       5
       2
       6
       1
       3
       4
       3
       5
       2
       4
       4
       2
       3
       1
       3
       4
       4
       5
       3
       3
       3
       4
       5
       4
       3
       3
       4
       1
       3
       4
       1
       2
       1
       6
       2
       4
       0
       7
       3
       3
       2
       3
       0
       0
       4
       4
       1
       1
       5
       2
       3
       1
       3
       2
       2
       4
       3
       1
       2
       2
       3
       3
       1
       3
       3
       4
       3
       0
       2
       0
       1
       1
       4
       5
       1
       2
       2
       3
       3
       2
       4
       0
       4
       2
       1
       1
       0
       1
       4
       2
       1
       4
       3
       2
       4
       3
       2
       0
       1
       2
       5
       1
       2
       2
       3
       2
       1
       5
       2
       6
       4
       4
       0
       1
       2
       3
       3
       1
       2
       1
       5
       4
       1
       0
       1
       4
       1
       3
       2
       0
       3
       5
       1
       2
       0
       2
       0
       1
       1
       0
       1
       0
       2
       0
       2
       1
       2
       7
       0
       2
       3
       2
       3
       2
       0
       0
       2
       1
       1
       2
       1
       0
       0
       0
       3
       0
       2
       1
       1
       1
       3
       1
       2
       4
       1
       1
       0
       0
       0
       0
       1
       0
       1
       0
       0
       0
       0
       1
       0
       1
       0
       1
       1
       0
       1
       2
       2
       0
       0
       1
       1
       3
       0
       1
       1
       2
       1
       0
       1
       1
       0
       2
       0
       2
       0
       1
       0
       0
       1
       0
       1
       2
       1
       1
       1
       2
       0
       0
       1
       0
       1
       0
       1
       1
       0
       0
       0
       1
       0
       2
       1
       1
       0
       1
       2
       1
       0
       1
       1
       1
       0
       1
       0
       0
       0
       0
       1
       0
       1
       0
       1
       1
       1
       1
       0
       1
       0
       0
       1
       2
       2
       0
       0
       1
       0
       1
       0
       0
       0
       0
       0
       1
       0
       1
       1
       0
       0
       3
       2
       0
       0
       0
       1
       0
       2
       0
       2
       0
       2
       1
       0
       0
       2
       1
       0
       1
       0
       0
       0
       0
       1
       0
       1
       1
       0
       2
       0
       1
       0
       0
       1
       1
       0
       0
       0
       0
       0
       0
       1
       0
       1
       1
       0
       0
       2
       0
       1
       0
       0
       0
       3
       0
       1
       0
       0
       2
       0
       0
       0
       0
       1
       0
       0
       0
       0
       3
       0
       1
       0
       1
       1
       0
       0
       0
       0
       1
       0
       3
       0
       0
       0
       0
       2
       1
       1
       0
       0
       0
       1
       1
       0
       0
       0
       1
       1
       0
       1
       0
       0
       0
       1
       0
       0
       0
       1
       0
       0
       0
       0
       0
       1
       0
       0
       0
       1
       0
       2
       0
       4
       1
       0
       1
       0
       1
       0
       0
       0
       1
       0
       0
       1
       1
       1
       0
       0
       0
       0
       0
       1
       1
       1
       0
       0
       0
       1
       0
       0
       0
       0
       0
       0
       0
       0
       0
       0
       0
       1
       0
       0
       0
       0
       0
       0
       1
       1
       0
       0
       0
       1
       0
       1
       0
       0
       0
       0
       1
       0
       0
       0
       0
       0
       2
       0
       1
       0
       0
       0
       0
       0
       1
       0
       0
       0
       0
       1
       1
       1
       0
       1
       0
       1
       0
       1
       0
       0
       0
       0
       0
       0
       0
       0
       0
       0
       1
       0
       1
       1
       0
       0
       0
       0
       1
       0
       0
       0
       0
       1
       0
       0
       0
       0
       1
       0
       0
       0
       1
       1
       0
       0
       0
       0
       0
       0
       0
       1
       0
       0
       1
       0
       1
       0
       0
       0
       0
       0
       1
       0
       0
       1
       0
       0
       0
       0
       0
       0
       1
       0
       0
       0
       0
       0
       1
       0
       0
       1
       0
       0
       0
       0
       0
       0
       0
       0
       0
       0
       0
       0
       0
       0
       1
       0
       0
       1
       1
       0
       0
       0
       0
       0
       0
       0
       0
       0
       0
       0
       0
       0
       0
       0
       0
       0
       1
       1
       1
       0
       0
       0
       0
       1
       0
       0
       0
       0
       2
       0
       0
       0
       0
       1
       0
       0
       0
       2
       0
       0
       0
       0
       0
       0
       0
       1
       0
       0
       0
       0
       0
       1
       0
       1
       0
       0
       0
       0
       0
       0
       0
       0
       1
       0
       0
       0
       0
       1
       0
       0
       0
       0
       0
       0
       0
       0
       0
       0
       1
       0
       0
       0
       0
       0
       0
       0
       0
       0
       0
       0
       1
       0
       0
       0
       1
       0
       0
       0
       0
       0
       0
       0
       0
       0
       0
       1
       0
       0
       0
       0
       0
       0
       0
       0
       0
       0
       1
       0
       0
       0
       0
       0
       0
       0
       0
       0
       0
       0
       1
       0
       1
       0
       1
       0
       0
       0
       0
       0
       0
       1
       0
       0
       0
       0
       0
       0
       0
       0
       1
       1
       0
       0
       0
       1
       2
       0
       0
       1
       1
       0
       1
       1
       0
       0
       1
       0
       0
       1
       0
       0
       0
       0
       0
       0
       0
       1
       0
       0
       0
       0
       0
       1
       0
       0
       0
       0
       0
       0
       0
       0
       0
       0
       0
       1
       0
       0
       0
       0
       0
       0
       0
       0
       0
       0
       0
       0
       0
       0
       0
       0
       1
       0
       0
       0
       0
       0
       0
       0
       1
       0
       0
       0
       0
       0
       1
       0
       0
       0
       0
       0
       1
       1
       0
       0
       0
       1
       0
       0
       0
       0
       0
       0
       0
       0
       0
       0
       0
       1
       0
       1
       0
       2
       0
       0
       0
       0
       1
       0
       0
       0
       0
       0
       0
       0
       0
       0
       0
       0
       0
       0
       0
       0
       0
       0
       0
       1
       0
       0
       0
       0
       0
       0
       0
       0
       0
       1
       0
       0
       0
       0
       0
       1
       0
       0
       0
       0
       0
       0
       0
       0
       0
       0
       0
       0
       1
       0
       0
       0
       0
       0
       0
       0
       0
       0
       1
       0
       0
       0
       0
       1
       0
       2
       0
       0
       0
       0
       0
       1
       0
       0
       0
       0
       0
       0
       0
       0
       1
       0
       0
       0
       0
       0
       0
       0
       0
       0
       0
       0
       0
       0
       0
       0
       0
       0
       0
       0
       0
       0
       0
       0
       0
       0
       0
       0
       0
       0
       0
       0
       0
       0
       0
       0
       0
       0
       0
       0
       0
       0
       0
       0
       0
       0
       0
       0
       0
       0
       0
       0
       0
       0
       0
       0
       0
       0
       0
       0
       0
       0
       0
       0
       0
       0
       0
       0
       0
       0
       1
       0
       0
       0
       0
       0
       0
       0
       0
       0
       0
       0
       0
       0
       0
       0
       0
       0
       0
       0
       0
       0
       0
       0
       0
       0
       0
       0
       0
       0
       0
       0
       0
       0
       0
       0
       0
       0
       0
       0
       0
       0
       0
       0
       0
       0
       0
       0
       0
       0
       0
       0
       0
       0
       0
       0
       0
       0
       0
       0
       0
       0
       0
       0
       0
       0
       0
       0
       0
       0
       0
       0
       0
       0
       0
       0
       0
       0
       0
       0
       0
       0
       0
       0
       0
       1
       0
       0
       0
       0
       0
       0
       0
       0
       0
       0
       0
       0
       0
       0
       0
       0
       0
       0
       0
       0
       0
       0
       0
       0
       0
       0
       0
       0
       0
       0
       0
       0
       0
       0
       0
       0
       0
       1
       0
       0
       0
       0
       0
       1
       0
       0
       0
       0
       0
       0
       0
       0
       0
       0
       0
       0
       0
       0
       0
       0
       0
       0
       0
       0
       0
       0
       0
       0
       0
       0
       0
       0
       0
       0
       0
       0
       0
       0
       0
       0
       0
       0
       0
       0
       0
       0
       0
       0
       0
       0
       0
       0
       0
       0
       0
       0
       0
       0
       0
       0
       0
       0
       0
       0
       0
       0
       0
       0
       0
       0
       0
       0
       0
       1
       0
       0
       0
       0
       0
       0
       0
       0
       0
       0
       0
       0
       0
       0
       0
       0
       0
       0
       0
       0
       0
       0
       0
       0
       0
       0
       0
       0
       0
       0
       0
       0
       0
       0
       0
       0
       0
       0
       0
       0
       0
       0
       0
       0
       0
       0
       0
       0
       0
       0
       0
       0
       0
       0
       0
       0
       0
       0
       0
       0
       0
       0
       0
       0
       0
       0
       0
       0
       0
       0
       0
       0
       0
       0
       0
       0
       1
       0
       0
       0
       0
       0
       0
       0
       0
       0
       0
       0
       0
       0
       0
       0
       0
       0
       0
       0
       0
       0
       0
       0
       0
       0
       0
       0
       0
       0
       0
       0
       0
       0
       0
       0
       0
       0
       0
       0
       0
       0
       0
       0
       0
       0
       0
       0
       0
       0
       0
       0
       0
       0
       0
       0
       0
       0
       0
       0
       0
       0
       0
       0
       0
       0
       0
       0
       0
       0
$ROI:
0
$PRESETS:
Real Time
300
0
$ENER_FIT:
0.469351 0.014037
$MCA_CAL:
3
4.693512E-001 1.403652E-002 9.492896E-006
$SHAPE_CAL:
3
-9.945114E-001 3.232270E-002 -6.428470E-005
