$SPEC_ID:
No sample description was entered.
$SPEC_REM:
DET# 1
DETDESC# DESKTOP-R52NV8M Easy-MCA-2k SN 12016099
AP# Maestro Version 6.05
$DATE_MEA:
12/01/2022 14:45:39
$MEAS_TIM:
298 300
$DATA:
0 2047
       0
       0
       0
       0
       0
       0
       0
       0
       0
       0
       0
       0
       0
       0
       0
       0
       0
       0
       0
       0
       0
       0
       0
       0
       0
       0
       0
       0
       0
       0
       0
       0
       2
       0
       0
       0
       1
       0
       0
       1
       1
       2
       0
       0
       6
       1
       3
     759
    1388
    1268
    1206
    1190
    1115
    1095
    1010
    1105
    1039
    1010
    1098
    1031
    1088
    1081
    1098
    1065
    1078
    1129
    1228
    1169
    1172
    1193
    1251
    1230
    1282
    1286
    1395
    1298
    1366
    1501
    1439
    1490
    1491
    1523
    1521
    1604
    1552
    1548
    1636
    1572
    1674
    1690
    1699
    1661
    1697
    1712
    1689
    1763
    1737
    1729
    1701
    1731
    1680
    1642
    1610
    1712
    1623
    1647
    1566
    1539
    1506
    1542
    1547
    1480
    1527
    1458
    1392
    1341
    1397
    1306
    1304
    1333
    1230
    1250
    1214
    1167
    1176
    1135
    1168
    1128
    1134
    1106
    1085
    1079
    1089
    1051
    1056
    1056
    1071
    1092
    1153
    1092
    1098
    1086
    1099
    1145
    1182
    1172
    1191
    1217
    1228
    1229
    1356
    1263
    1356
    1304
    1378
    1399
    1425
    1423
    1423
    1514
    1424
    1466
    1511
    1534
    1561
    1557
    1560
    1556
    1622
    1563
    1524
    1520
    1439
    1470
    1520
    1481
    1390
    1410
    1441
    1389
    1439
    1449
    1500
    1579
    1560
    1630
    1661
    1737
    1830
    1917
    1978
    2003
    2085
    2078
    2245
    2205
    2290
    2246
    2223
    2239
    2183
    2048
    2041
    2015
    2039
    1834
    1792
    1649
    1694
    1483
    1410
    1238
    1128
    1080
     990
     833
     821
     691
     620
     601
     524
     470
     409
     365
     312
     293
     263
     247
     221
     208
     176
     156
     123
     142
     134
      94
      93
      71
      78
      77
      66
      62
      58
      59
      39
      45
      41
      36
      29
      47
      35
      35
      28
      26
      35
      23
      21
      33
      20
      20
      21
      16
      18
      17
      17
      12
      22
      14
      19
      18
      18
      16
      16
      16
      18
      11
       6
      11
      21
      24
       9
      11
      14
      18
      20
      17
      17
      13
      15
      11
       8
       6
       8
      12
      16
      10
      12
      13
      15
      22
      12
      15
      15
      15
      10
      14
      10
      11
      12
      10
      13
      15
      13
      19
       8
      14
      18
      18
      15
      17
      11
      13
      13
      13
      16
      10
       8
       6
      10
       7
      13
      14
      18
      16
      15
       7
      14
       8
      14
       9
       9
      19
      11
      10
      12
       6
      10
       8
      16
      11
      14
       4
      13
      13
       8
      13
      15
      11
      10
       6
       9
      12
      12
      16
       8
       7
       7
       6
       7
      10
      14
      12
      13
      11
       9
       8
       7
       1
      11
       7
      13
       4
       9
       6
       7
       6
       3
       8
       7
      11
       7
       4
       8
       7
      10
       7
      13
       8
       5
       7
       5
      10
       5
       6
       7
       6
       5
       8
       2
       1
       5
       2
       8
       8
       3
      12
       6
       7
       5
       7
       4
       6
       4
       2
       6
       9
       3
       7
       5
       5
       8
       7
       8
       5
       5
       3
       8
       2
       9
       5
       5
       3
       8
      11
       8
       6
       6
      11
       5
       3
       6
       8
       4
       5
       6
       0
       5
       4
       7
      12
       3
       7
       5
       3
       4
       3
       3
       0
       2
       5
       2
       5
       9
       6
       7
       3
       2
       2
       7
       2
       9
       6
       4
      10
       8
       1
       4
       5
       3
       5
       5
       4
       6
       4
       4
       5
       3
       4
       5
       3
       6
       4
       6
       2
       3
       4
       2
       5
       4
       4
       6
       4
       5
       7
       4
       7
       2
       5
       2
       2
       3
       2
       4
       3
       1
       4
       4
       3
       3
       7
       1
       1
       4
       3
       4
       4
       1
       1
       4
       5
       3
       0
       5
      10
       3
       4
       3
       2
       4
       4
       2
       4
       2
       2
       5
       3
       5
       4
       2
       5
       1
       3
       4
       2
       3
       5
       3
       4
       3
       5
       3
       6
       0
       4
       2
       2
       6
       2
       4
       2
       5
       4
       6
       0
       6
       1
       4
       3
       1
       4
       6
       4
       6
       3
       5
       3
       4
       1
       2
       3
       3
       5
       0
       5
       1
       3
       4
       5
       1
       5
       3
       4
       3
       5
       5
       3
       0
       3
       3
       5
       3
       4
       5
       3
       4
       4
       5
       3
       7
       3
       4
       6
       3
       1
       2
       3
       3
       3
       4
       3
       3
       4
       2
       4
       1
       4
       3
       2
       1
       1
       3
       6
       2
       3
       3
       2
       5
       4
       0
       0
       1
       4
       4
       1
       1
       2
       1
       2
       4
       3
       4
       1
       3
       2
       1
       4
       1
       1
       5
       4
       4
       3
       1
       1
       1
       4
       5
       4
       4
       2
       2
       2
       2
       2
       3
       2
       2
       3
       4
       1
       3
       4
       4
       0
       3
       1
       5
       3
       4
       5
       3
       2
       3
       2
       2
       3
       5
       7
       5
       2
       5
       0
       1
       2
       1
       2
       4
       0
       3
       5
       3
       2
       3
       0
       4
       0
       2
       1
       1
       2
       0
       3
       3
       1
       3
       2
       1
       4
       0
       4
       2
       3
       2
       1
       0
       1
       1
       1
       3
       2
       0
       0
       4
       5
       0
       3
       1
       0
       2
       1
       3
       4
       0
       1
       0
       3
       3
       1
       1
       1
       1
       2
       1
       0
       1
       2
       5
       3
       2
       1
       1
       1
       2
       3
       1
       1
       6
       1
       1
       1
       2
       2
       0
       2
       0
       1
       1
       1
       0
       2
       2
       1
       1
       2
       0
       2
       0
       0
       0
       1
       0
       1
       2
       3
       1
       1
       0
       0
       2
       2
       1
       1
       1
       0
       0
       0
       1
       1
       2
       0
       0
       1
       0
       1
       2
       2
       1
       0
       2
       1
       1
       2
       1
       2
       0
       0
       1
       1
       1
       1
       1
       2
       0
       1
       3
       0
       3
       0
       1
       0
       0
       1
       1
       1
       0
       0
       0
       0
       0
       0
       0
       0
       1
       1
       0
       1
       1
       0
       0
       2
       1
       1
       1
       1
       1
       1
       0
       0
       4
       1
       1
       0
       1
       0
       1
       0
       2
       0
       1
       0
       1
       1
       0
       0
       0
       0
       2
       0
       3
       1
       0
       2
       1
       0
       1
       0
       0
       1
       2
       1
       0
       0
       0
       0
       0
       0
       1
       1
       1
       0
       1
       1
       0
       0
       1
       2
       0
       1
       1
       1
       1
       1
       0
       0
       0
       0
       1
       2
       0
       0
       2
       1
       2
       0
       0
       0
       1
       1
       2
       0
       0
       0
       0
       0
       0
       0
       1
       0
       1
       0
       0
       2
       0
       0
       1
       2
       0
       1
       1
       0
       0
       0
       0
       0
       1
       1
       1
       0
       0
       0
       0
       1
       0
       1
       0
       0
       0
       1
       0
       1
       0
       1
       0
       0
       0
       0
       1
       0
       2
       0
       0
       1
       0
       0
       0
       0
       0
       1
       0
       0
       0
       0
       1
       0
       1
       0
       0
       1
       0
       1
       0
       0
       1
       0
       0
       2
       0
       0
       0
       0
       0
       0
       1
       0
       0
       0
       0
       0
       0
       1
       0
       0
       0
       0
       0
       1
       1
       1
       0
       1
       0
       0
       0
       1
       0
       0
       0
       0
       0
       1
       0
       0
       0
       0
       0
       1
       1
       0
       0
       1
       0
       0
       0
       0
       0
       0
       0
       0
       0
       1
       0
       0
       0
       0
       0
       3
       1
       1
       0
       0
       0
       0
       0
       2
       0
       0
       1
       1
       0
       1
       1
       0
       0
       0
       0
       1
       1
       0
       0
       0
       0
       0
       1
       0
       0
       0
       0
       1
       0
       0
       1
       0
       0
       0
       1
       0
       0
       0
       0
       0
       0
       0
       0
       0
       0
       2
       0
       0
       0
       0
       0
       0
       0
       0
       0
       1
       0
       0
       1
       0
       0
       0
       1
       1
       0
       0
       2
       0
       1
       0
       0
       0
       0
       0
       0
       0
       0
       0
       0
       0
       0
       0
       0
       0
       0
       0
       1
       0
       0
       1
       1
       2
       1
       0
       0
       1
       0
       0
       0
       0
       0
       1
       0
       0
       0
       0
       0
       0
       1
       0
       1
       1
       0
       1
       0
       0
       0
       0
       0
       0
       1
       0
       1
       1
       0
       0
       0
       0
       0
       0
       0
       0
       1
       1
       0
       0
       0
       0
       0
       0
       0
       0
       0
       0
       0
       0
       0
       0
       1
       0
       0
       0
       0
       0
       1
       0
       0
       0
       0
       0
       0
       0
       1
       0
       0
       0
       0
       0
       0
       0
       0
       1
       0
       0
       0
       0
       0
       1
       0
       0
       0
       0
       0
       0
       0
       0
       0
       0
       0
       0
       0
       0
       0
       0
       0
       0
       0
       0
       0
       1
       1
       0
       0
       0
       0
       0
       0
       0
       0
       0
       0
       0
       0
       0
       0
       0
       0
       0
       0
       0
       0
       0
       0
       0
       0
       0
       0
       0
       0
       0
       0
       0
       0
       0
       0
       0
       0
       0
       0
       1
       0
       0
       0
       0
       0
       0
       1
       0
       0
       1
       0
       0
       0
       0
       0
       0
       0
       0
       0
       0
       0
       0
       0
       0
       0
       0
       0
       0
       0
       0
       0
       0
       1
       0
       0
       0
       0
       0
       0
       0
       0
       0
       0
       0
       0
       0
       0
       0
       0
       0
       0
       0
       0
       0
       0
       0
       0
       0
       0
       0
       0
       0
       0
       0
       0
       0
       0
       0
       0
       0
       1
       0
       0
       0
       0
       0
       0
       1
       0
       0
       0
       1
       0
       0
       0
       0
       0
       0
       0
       0
       0
       0
       0
       0
       0
       0
       0
       0
       0
       0
       0
       0
       0
       0
       0
       0
       0
       0
       0
       0
       0
       0
       0
       0
       0
       0
       1
       0
       0
       0
       0
       0
       0
       0
       0
       0
       0
       0
       0
       0
       0
       0
       0
       0
       0
       0
       0
       0
       0
       0
       0
       0
       0
       0
       0
       0
       0
       0
       0
       0
       0
       0
       0
       0
       0
       0
       0
       0
       0
       0
       0
       0
       0
       0
       0
       0
       0
       0
       0
       0
       0
       0
       0
       0
       0
       0
       0
       0
       0
       0
       0
       0
       0
       0
       0
       0
       0
       0
       0
       1
       0
       0
       0
       0
       0
       0
       0
       0
       0
       0
       0
       0
       0
       0
       0
       0
       0
       0
       0
       0
       1
       0
       0
       0
       0
       0
       0
       0
       0
       0
       0
       0
       0
       0
       0
       0
       0
       0
       1
       0
       0
       0
       0
       0
       0
       0
       0
       0
       0
       0
       0
       0
       0
       0
       0
       0
       0
       0
       0
       1
       0
       0
       0
       0
       0
       0
       0
       0
       0
       0
       0
       0
       0
       0
       0
       0
       0
       0
       0
       0
       0
       0
       0
       0
       0
       0
       0
       1
       0
       0
       0
       0
       0
       0
       0
       0
       0
       0
       0
       1
       0
       0
       1
       0
       0
       0
       0
       0
       0
       0
       0
       0
       0
       0
       0
       0
       0
       0
       0
       0
       0
       0
       0
       0
       0
       1
       0
       0
       0
       0
       0
       0
       0
       0
       0
       0
       0
       0
       0
       0
       0
       0
       0
       0
       0
       0
       0
       0
       0
       0
       0
       0
       0
       0
       0
       0
       0
       0
       0
       0
       0
       0
       0
       0
       0
       0
       0
       0
       0
       0
       0
       0
       0
       0
       0
       0
       0
       0
       0
       0
       0
       0
       0
       0
       0
       0
       0
       0
       0
       0
       0
       0
       0
       0
       0
       0
       0
       0
       0
       0
       0
       0
       0
       0
       0
       1
       0
       0
       0
       0
       0
       0
       0
       0
       0
       0
       0
       0
       0
       0
       0
       0
       0
       0
       0
       0
       0
       0
       0
       0
       0
       0
       0
       0
       0
       0
       0
       0
       0
       0
       0
       0
       0
       0
       0
       0
       0
       0
       0
       0
       0
       0
       0
       0
       0
       0
       0
       0
       0
       0
       1
       0
       0
       0
       0
       0
       0
       0
       0
       0
       0
       0
       0
       0
       0
       0
       0
       0
       0
       0
       0
       0
       0
       0
       0
       0
       0
       0
       0
       0
       0
       0
       0
       0
       0
       1
       0
       0
       0
       0
       0
       0
       0
       0
       0
       0
       0
       0
       0
       0
       0
       0
       0
       1
       0
       0
       0
       0
       0
       0
       0
       0
       0
       0
       0
       0
       0
       0
       0
       0
       0
       0
       0
       0
       0
       0
       0
       0
       0
       0
       0
       0
       0
       0
       0
       0
       0
       0
       0
       0
       0
       0
       0
       0
       0
       0
       0
       0
       0
       0
       0
       0
       0
       0
       0
       0
       0
       0
       0
       0
       0
       0
       0
       0
       0
       0
       0
       0
       0
       0
       0
       0
       0
       0
       0
       0
       0
       0
       0
       0
       0
       0
       1
       0
       0
       0
       0
       0
       0
       0
       0
       0
       0
       0
       0
       0
       0
       0
       0
       0
       0
       0
       0
       0
       0
       0
       0
       0
       0
       0
       0
       0
       1
       0
       0
       0
       0
       0
       0
       0
       0
       0
       0
       0
       0
       0
       0
       1
       0
       0
       0
       0
       0
       0
       0
       0
       0
       0
       0
       0
       0
       0
       0
       0
       0
       0
       0
       0
       0
       0
       0
       0
       1
       0
       0
       0
       0
       0
       0
       0
       0
       0
       0
       0
       0
       0
       0
       0
       0
       0
       0
       0
       0
       0
       0
       0
       0
       0
       0
       0
       0
       0
       0
       0
       0
       0
       0
       0
       0
       0
       0
       0
       0
       0
       0
       0
       0
       0
$ROI:
0
$PRESETS:
Real Time
300
0
$ENER_FIT:
0.469351 0.014037
$MCA_CAL:
3
4.693512E-001 1.403652E-002 9.492896E-006
$SHAPE_CAL:
3
-9.945114E-001 3.232270E-002 -6.428470E-005
