$SPEC_ID:
No sample description was entered.
$SPEC_REM:
DET# 1
DETDESC# DESKTOP-R52NV8M Easy-MCA-2k SN 12016099
AP# Maestro Version 6.05
$DATE_MEA:
12/01/2022 14:51:43
$MEAS_TIM:
298 300
$DATA:
0 2047
       0
       0
       0
       0
       0
       0
       0
       0
       0
       0
       0
       0
       0
       0
       0
       0
       0
       0
       0
       0
       0
       0
       0
       0
       0
       0
       0
       0
       0
       0
       0
       0
       0
       1
       0
       0
       0
       0
       2
       1
       2
       2
       1
       0
       1
       1
       2
     787
    1404
    1352
    1309
    1275
    1172
    1104
    1122
    1098
    1052
    1045
    1046
    1067
    1066
    1084
    1077
    1085
    1111
    1130
    1098
    1175
    1164
    1185
    1221
    1268
    1247
    1256
    1306
    1390
    1292
    1346
    1406
    1399
    1451
    1512
    1466
    1535
    1511
    1569
    1571
    1624
    1603
    1695
    1634
    1642
    1697
    1714
    1669
    1581
    1627
    1632
    1662
    1609
    1711
    1605
    1628
    1587
    1610
    1537
    1543
    1515
    1516
    1541
    1525
    1489
    1470
    1468
    1371
    1405
    1417
    1366
    1375
    1314
    1308
    1265
    1236
    1283
    1225
    1246
    1277
    1167
    1233
    1223
    1214
    1199
    1198
    1167
    1118
    1127
    1140
    1142
    1101
    1204
    1263
    1205
    1203
    1182
    1212
    1242
    1233
    1291
    1278
    1251
    1333
    1295
    1341
    1332
    1319
    1446
    1428
    1407
    1452
    1387
    1411
    1432
    1483
    1455
    1535
    1519
    1497
    1539
    1502
    1415
    1411
    1461
    1353
    1446
    1335
    1354
    1363
    1290
    1287
    1324
    1275
    1323
    1344
    1354
    1356
    1430
    1534
    1499
    1586
    1697
    1706
    1733
    1772
    1852
    1838
    1892
    1949
    1869
    1917
    1834
    1869
    1793
    1769
    1667
    1584
    1573
    1478
    1463
    1369
    1283
    1100
    1065
     951
     908
     818
     742
     658
     677
     523
     509
     454
     387
     355
     349
     296
     244
     226
     193
     196
     186
     167
     140
     125
     118
     107
      92
      76
      71
      84
      55
      69
      59
      50
      43
      58
      36
      35
      36
      34
      31
      38
      23
      35
      34
      23
      33
      24
      25
      20
      17
      19
      20
      22
      17
      25
      20
      20
      18
      23
      24
      21
      18
      14
      17
      22
      17
      21
      26
      17
      20
      15
      19
      14
       9
      17
      20
      26
      22
      19
      16
      16
      21
      20
      14
      12
      13
      14
      16
      15
      21
      10
      11
      18
      18
       9
      14
      11
      19
      11
      14
      15
      22
      17
      24
      15
      15
      12
      13
       9
      15
      15
      13
      13
      17
      10
       7
      10
      11
      16
      22
       9
      12
      16
       7
      22
      19
      12
      12
      15
      16
      16
      16
      18
      13
      13
       8
      10
      11
      14
      15
      10
      15
      14
      15
       8
       8
      15
      11
      10
      11
      11
      12
       8
      14
      13
      12
      12
      14
      11
       7
       9
      17
      15
      12
       8
      14
      12
      12
      11
      11
      16
       6
      11
       8
       8
      13
      10
      10
       6
      10
       8
      10
       8
      12
       9
       9
       7
       9
       7
       8
      11
       9
       9
       9
      12
      12
       8
      11
      11
       9
       6
      14
       7
      13
       9
       7
       7
       9
       7
      13
       7
       7
       9
       9
       6
      10
       8
       5
      13
       3
       9
       8
       6
       9
       7
      13
       2
       9
      10
       7
      11
       5
       6
       4
       7
       6
       3
       9
      13
       9
      10
       5
       5
       8
       7
       8
       3
       8
      12
       7
       9
       9
       7
       4
       8
      11
       4
       7
       4
       8
       6
       9
       6
       6
       6
       6
       5
       5
      10
       4
       5
       7
       3
       3
       1
       7
      10
       3
      12
       4
       3
      11
       6
       8
       7
       7
       5
       3
       6
      12
       4
       7
       4
       3
       7
       7
       4
       6
      10
       4
       8
       2
       8
       5
       8
       5
      12
       5
      10
       4
       3
       9
       5
       7
       5
       7
       4
      10
       6
       7
       2
       6
       6
       5
       7
       5
       6
       2
       9
       7
       4
       2
       4
       6
       5
       4
       3
       4
       3
      10
       5
       7
       7
       6
       4
       3
       5
       5
       6
       6
      11
       7
       5
       6
       5
       4
       4
       5
       3
       7
       5
       4
       8
       5
       7
       8
       6
       6
       7
       9
       2
       4
       4
       6
       2
       5
       7
       5
       4
       2
       5
       8
       2
       7
       3
       3
       4
      10
       0
       5
       3
       6
       4
       9
       5
       3
       4
       4
       6
       7
       6
       4
       9
       6
       2
       2
       6
       3
       2
       7
       8
       5
       3
       4
       8
       5
       4
       3
       6
       3
       5
       4
       6
       5
       2
       3
       6
       3
       8
       3
      10
       5
       4
       8
       3
       3
       4
       5
       4
       2
       4
       4
       1
       0
       2
       2
       6
       2
       2
       3
       6
       5
       5
       3
       2
       4
       2
       3
       4
       5
       2
       3
       4
       5
       3
       5
       0
      10
       4
       3
       3
       2
       5
       8
       3
       3
       2
       3
       2
       3
       6
       2
       3
       5
       5
       3
       3
       5
       4
       6
       3
       3
       5
       4
       2
       4
       3
       4
       5
       3
       3
       4
       4
       2
       6
       5
       2
       0
       4
       4
       2
       1
       4
       2
       5
       2
       2
       3
       3
       4
       1
       3
       0
       1
       3
       3
       0
       4
       3
       2
       1
       1
       0
       3
       3
       1
       4
       2
       2
       4
       1
       1
       1
       2
       4
       5
       0
       4
       2
       5
       1
       2
       1
       2
       3
       0
       3
       3
       2
       7
       1
       1
       4
       2
       8
       2
       4
       6
       3
       0
       3
       2
       1
       2
       1
       4
       1
       3
       5
       1
       0
       0
       3
       2
       0
       1
       0
       1
       2
       3
       2
       1
       1
       4
       1
       0
       0
       2
       1
       3
       1
       0
       1
       1
       1
       3
       0
       2
       2
       0
       1
       4
       2
       2
       2
       2
       3
       0
       2
       2
       1
       2
       1
       4
       2
       2
       1
       3
       0
       1
       2
       1
       0
       4
       2
       0
       0
       3
       1
       1
       0
       1
       0
       0
       1
       0
       0
       2
       4
       0
       0
       1
       0
       2
       1
       3
       1
       0
       0
       1
       0
       0
       0
       1
       1
       0
       0
       1
       0
       1
       0
       0
       1
       1
       0
       0
       0
       0
       1
       0
       0
       1
       3
       0
       2
       0
       0
       1
       0
       2
       0
       1
       3
       1
       2
       0
       0
       1
       1
       3
       0
       0
       0
       2
       2
       1
       1
       0
       0
       1
       0
       2
       2
       0
       1
       0
       2
       1
       1
       2
       2
       0
       1
       2
       0
       1
       1
       1
       1
       1
       2
       0
       0
       0
       1
       3
       0
       1
       0
       1
       2
       1
       0
       0
       0
       0
       1
       3
       1
       1
       1
       2
       1
       3
       0
       0
       0
       2
       0
       0
       1
       0
       1
       2
       0
       0
       1
       1
       2
       2
       1
       1
       2
       0
       0
       0
       1
       0
       0
       0
       0
       0
       0
       2
       0
       0
       0
       2
       1
       0
       0
       1
       1
       0
       1
       2
       0
       2
       0
       0
       0
       1
       2
       0
       0
       0
       1
       1
       1
       1
       0
       0
       0
       0
       0
       0
       0
       0
       0
       0
       0
       0
       0
       0
       1
       2
       0
       0
       1
       0
       0
       1
       1
       1
       0
       0
       1
       2
       2
       0
       0
       1
       0
       1
       0
       0
       1
       1
       1
       0
       0
       0
       0
       0
       0
       0
       0
       3
       2
       0
       2
       0
       0
       0
       0
       0
       0
       0
       0
       1
       0
       0
       0
       1
       0
       1
       0
       0
       0
       1
       0
       0
       0
       0
       0
       0
       0
       0
       0
       0
       0
       0
       1
       0
       2
       0
       0
       0
       1
       0
       0
       1
       1
       0
       0
       0
       0
       3
       0
       3
       0
       0
       1
       0
       1
       2
       0
       0
       1
       0
       0
       0
       0
       0
       0
       0
       0
       1
       1
       0
       0
       0
       0
       1
       0
       0
       0
       0
       1
       1
       0
       0
       0
       0
       1
       0
       0
       0
       0
       1
       1
       0
       1
       0
       0
       0
       0
       1
       0
       0
       0
       0
       1
       0
       0
       0
       0
       0
       1
       0
       0
       0
       0
       1
       0
       0
       0
       0
       0
       0
       0
       0
       0
       0
       0
       0
       0
       0
       0
       1
       0
       0
       1
       1
       0
       0
       0
       1
       0
       1
       0
       0
       0
       0
       2
       0
       0
       0
       1
       0
       0
       1
       0
       1
       0
       1
       0
       0
       0
       0
       0
       0
       0
       0
       0
       0
       0
       0
       0
       0
       0
       1
       0
       0
       0
       0
       0
       0
       0
       1
       0
       0
       0
       1
       0
       0
       0
       0
       0
       0
       0
       2
       0
       0
       0
       0
       0
       0
       1
       0
       0
       0
       1
       1
       1
       1
       0
       0
       0
       0
       0
       0
       1
       1
       0
       0
       0
       0
       0
       0
       0
       0
       0
       0
       0
       0
       0
       0
       0
       0
       0
       0
       0
       0
       0
       0
       0
       0
       1
       0
       0
       1
       0
       0
       0
       0
       1
       0
       0
       0
       1
       0
       0
       0
       1
       1
       0
       0
       1
       0
       1
       1
       0
       0
       0
       1
       0
       1
       0
       0
       1
       0
       0
       1
       0
       0
       1
       0
       0
       0
       0
       0
       1
       1
       0
       0
       0
       0
       0
       0
       0
       1
       0
       0
       0
       0
       0
       0
       0
       0
       0
       0
       0
       0
       1
       1
       0
       0
       0
       0
       0
       0
       2
       0
       0
       0
       0
       0
       0
       0
       2
       0
       0
       0
       0
       0
       0
       0
       0
       0
       1
       0
       1
       0
       0
       0
       0
       0
       0
       0
       0
       0
       0
       0
       0
       0
       0
       0
       0
       0
       0
       0
       0
       0
       0
       0
       0
       1
       0
       0
       0
       0
       1
       0
       0
       0
       0
       0
       0
       0
       0
       0
       0
       1
       0
       0
       0
       0
       0
       0
       0
       0
       0
       1
       0
       0
       0
       0
       0
       0
       0
       0
       0
       1
       0
       0
       0
       0
       0
       0
       0
       0
       0
       0
       0
       0
       0
       0
       0
       0
       0
       0
       0
       1
       0
       0
       0
       0
       0
       0
       1
       0
       0
       0
       0
       0
       0
       0
       0
       0
       0
       0
       0
       1
       0
       0
       0
       0
       0
       0
       0
       0
       0
       0
       0
       0
       0
       0
       0
       0
       0
       0
       0
       0
       0
       0
       0
       0
       0
       1
       0
       0
       1
       0
       0
       0
       0
       0
       0
       1
       0
       0
       0
       0
       0
       0
       0
       0
       0
       0
       0
       0
       0
       0
       0
       0
       0
       0
       0
       0
       0
       0
       0
       0
       0
       0
       0
       0
       0
       0
       0
       0
       0
       0
       0
       0
       0
       0
       0
       0
       0
       1
       0
       0
       0
       0
       0
       0
       0
       0
       0
       0
       0
       0
       0
       0
       0
       0
       0
       0
       0
       0
       1
       0
       0
       0
       0
       0
       0
       0
       0
       0
       0
       0
       0
       0
       0
       0
       0
       0
       0
       0
       0
       0
       0
       0
       0
       0
       0
       0
       0
       0
       0
       0
       0
       0
       0
       0
       0
       0
       0
       0
       0
       0
       0
       0
       1
       0
       0
       0
       0
       0
       0
       0
       0
       0
       0
       0
       0
       0
       0
       0
       0
       0
       0
       1
       0
       0
       0
       0
       0
       0
       0
       0
       0
       1
       0
       0
       0
       0
       0
       0
       0
       0
       0
       0
       0
       0
       0
       0
       0
       0
       0
       0
       0
       0
       0
       0
       0
       0
       0
       0
       0
       0
       0
       0
       0
       0
       0
       0
       0
       0
       0
       0
       0
       0
       0
       0
       0
       0
       0
       0
       0
       0
       0
       0
       0
       0
       0
       0
       0
       0
       0
       0
       0
       0
       0
       0
       0
       0
       0
       0
       0
       0
       0
       0
       0
       0
       0
       0
       0
       0
       0
       0
       0
       0
       0
       0
       0
       0
       0
       0
       0
       1
       0
       0
       0
       0
       0
       0
       0
       0
       0
       0
       0
       0
       0
       0
       0
       0
       0
       0
       0
       0
       0
       0
       0
       0
       0
       0
       0
       0
       0
       0
       0
       0
       0
       1
       0
       0
       0
       0
       0
       0
       0
       0
       0
       0
       0
       0
       0
       0
       0
       0
       0
       0
       0
       0
       1
       0
       0
       0
       0
       0
       1
       0
       0
       0
       0
       0
       0
       0
       0
       0
       0
       0
       0
       0
       0
       0
       0
       0
       0
       0
       1
       0
       0
       0
       0
       0
       1
       0
       0
       0
       0
       0
       0
       0
       0
       0
       0
       0
       0
       0
       0
       0
       0
       0
       0
       0
       0
       0
       0
       0
       0
       0
       1
       0
       0
       0
       0
       0
       0
       0
       0
       0
       0
       0
       0
       0
       0
       0
       0
       0
       0
       0
       0
       0
       0
       0
       0
       0
       0
       0
       0
       0
       0
       0
       0
       0
       0
       0
       0
       0
       0
       0
       0
       0
       0
       0
       0
       0
       0
       0
       0
       0
       0
       0
       0
       0
       0
       0
       0
       0
       0
       0
       0
       0
       0
       0
       0
       0
       0
       0
       0
       0
       0
       0
       0
       0
       0
       0
       0
       0
       0
       0
       0
       0
       0
       0
       0
       0
       0
       0
       0
       0
       0
       0
       0
       0
       0
       0
       0
       0
       0
       0
       0
       0
       0
       0
       0
       0
       0
       0
       0
       0
       0
       0
       0
       0
       0
       0
       0
       0
       0
       0
       0
       0
       0
       0
       0
       0
       0
       0
       0
       0
       0
       0
       0
       0
       0
       0
       0
       0
       0
       0
       0
       0
       0
       0
       0
       0
       0
       0
       0
       0
       0
       0
       0
       0
       0
       0
       0
       0
       0
       0
       0
       0
       0
       0
       0
       0
       0
       0
       0
       0
       0
       0
$ROI:
0
$PRESETS:
Real Time
300
0
$ENER_FIT:
0.469351 0.014037
$MCA_CAL:
3
4.693512E-001 1.403652E-002 9.492896E-006
$SHAPE_CAL:
3
-9.945114E-001 3.232270E-002 -6.428470E-005
