$SPEC_ID:
No sample description was entered.
$SPEC_REM:
DET# 1
DETDESC# DESKTOP-R52NV8M Easy-MCA-2k SN 12016099
AP# Maestro Version 6.05
$DATE_MEA:
12/01/2022 14:31:07
$MEAS_TIM:
296 300
$DATA:
0 2047
       0
       0
       0
       0
       0
       0
       0
       0
       0
       0
       0
       0
       0
       0
       0
       0
       0
       0
       0
       0
       0
       0
       0
       0
       0
       0
       0
       0
       0
       0
       0
       1
       0
       1
       0
       0
       3
       1
       2
       1
       5
       5
       4
       3
      12
      16
      15
    5492
   10450
   11375
   11687
   11370
   11045
   10192
    9275
    8215
    7200
    6121
    5095
    4175
    3584
    3098
    2680
    2506
    2264
    2267
    2206
    2037
    2107
    2078
    2209
    2110
    2207
    2135
    2169
    2198
    2241
    2294
    2338
    2333
    2436
    2352
    2296
    2513
    2512
    2555
    2633
    2749
    2697
    2774
    2911
    2960
    2975
    3055
    2965
    2988
    3050
    2996
    3089
    3017
    2987
    2983
    2865
    2960
    2947
    2903
    2924
    2863
    2662
    2716
    2676
    2649
    2598
    2588
    2454
    2405
    2404
    2334
    2260
    2192
    2175
    2109
    2028
    2053
    1958
    1956
    1910
    1825
    1743
    1788
    1699
    1696
    1627
    1612
    1535
    1593
    1495
    1533
    1500
    1523
    1565
    1428
    1501
    1390
    1374
    1442
    1420
    1429
    1425
    1513
    1511
    1524
    1673
    1567
    1673
    1608
    1785
    1805
    1933
    1946
    1993
    2050
    2168
    2222
    2142
    2296
    2397
    2261
    2439
    2536
    2506
    2538
    2581
    2619
    2533
    2538
    2556
    2541
    2543
    2499
    2457
    2385
    2466
    2326
    2361
    2307
    2244
    2369
    2382
    2365
    2469
    2515
    2540
    2699
    2812
    2883
    3183
    3233
    3445
    3602
    3783
    3887
    3942
    4138
    4097
    4356
    4406
    4354
    4301
    4278
    4211
    4258
    4111
    3919
    3724
    3613
    3414
    3265
    3036
    2831
    2688
    2493
    2196
    2191
    1910
    1795
    1621
    1491
    1390
    1224
    1061
     989
     898
     886
     726
     621
     631
     522
     523
     427
     413
     349
     335
     305
     266
     267
     233
     225
     181
     177
     173
     162
     172
     150
     146
     156
     136
     130
     119
     115
     121
     111
      98
      90
      77
      92
      84
      83
      74
      58
      80
      77
      59
      48
      56
      50
      51
      39
      43
      33
      38
      41
      37
      38
      31
      20
      34
      30
      26
      30
      29
      18
      29
      33
      29
      23
      15
      27
      21
      31
      16
      22
      19
      18
      13
      19
      28
      17
      18
      23
      24
      12
      22
      16
      16
      20
      20
      16
      15
      12
      18
      20
      18
      23
      18
      16
      17
      11
      13
      12
      11
      18
      19
      27
      15
      10
      14
      14
      17
      20
      19
      20
      22
      21
      21
      18
      22
      13
      24
      24
      10
      14
      12
      18
      24
       7
      14
      12
      15
      20
      19
      12
      14
      19
      18
      17
       8
      16
      16
      21
      21
      12
      12
      11
      20
       4
      18
      16
       8
      17
      18
       9
       7
      14
      12
      12
      10
       8
      12
      13
      21
      15
      14
      11
      15
      11
       8
       8
      12
      16
       8
      12
       9
       6
      11
      19
      18
      12
      13
      12
       4
       8
       9
       9
       6
       4
      11
      14
      21
      10
       6
       6
       3
       8
      10
      12
       7
      14
      10
       6
      10
       7
       1
      16
       7
       8
       9
       5
      11
      10
       8
       8
       4
       8
       3
       7
       7
      11
      10
       5
      10
       9
      10
       8
       9
      13
       6
       7
       8
      14
       6
       5
       6
      10
       5
       3
       6
       5
      11
       7
      10
       6
       6
       5
       9
       6
       5
       8
       8
       8
       5
       7
       6
       8
       6
       8
       4
       6
       2
       8
      14
       7
       8
       2
       8
       6
       8
       2
       9
       3
       7
       2
       7
       5
       7
       6
       7
       8
      11
      10
       8
       4
       6
       4
       6
       5
       8
       5
       6
       7
       4
       9
       7
       5
       5
       9
       3
       4
       3
       6
       7
       4
       8
       5
       6
       3
       8
       4
       3
       8
       3
       3
       4
       7
       3
       8
       7
       8
       8
       9
       6
       6
       9
       4
       5
       1
       6
       4
      10
       6
       5
       7
       8
       7
       4
       6
       6
       3
       7
       3
       3
       1
      11
       3
       3
       5
       8
       2
      10
       4
       6
       4
       6
       2
       3
       5
       9
       1
       4
       4
       8
       4
       5
       7
       3
       6
       5
       5
       3
       6
       9
       7
       8
       3
       0
       1
       2
       5
       6
       5
      12
       6
       2
       4
       7
      10
       1
       5
       4
       4
       2
       5
       7
       4
       1
       6
       3
       5
       5
       5
       7
       1
       4
       4
       4
       6
       1
       3
       4
       3
       2
       6
       1
       6
       4
       4
       6
       4
       1
       2
       2
       6
       1
       6
      12
       6
       5
       5
       5
       1
      10
       5
       5
       7
       5
       4
       0
       3
       5
       3
       3
       3
       7
       5
       7
       2
       5
       6
       4
       3
       4
       3
       4
       3
       5
       5
       3
       6
       4
       1
       2
       2
       6
       7
       2
       4
       3
       5
       1
       4
       2
       5
       2
       3
       5
       4
       3
       4
       2
       6
       3
       4
       4
       5
       3
       1
       4
       2
       8
       6
       4
       2
       1
       2
       9
       2
       2
       6
       7
       8
       3
       2
       4
       3
       6
       2
       7
       7
       2
       6
       3
       2
      11
       2
       2
       6
       7
       4
       2
       1
       1
       3
       2
       4
       2
       6
       2
       2
       1
       3
       1
       1
       1
       2
       3
       3
       3
       5
       2
       5
       2
       3
       0
       7
       1
       3
       3
       1
       3
       0
       1
       1
       5
       1
       3
       0
       0
       4
       3
       2
       0
       3
       3
       2
       2
       3
       2
       1
       5
       0
       2
       2
       3
       3
       1
       3
       1
       7
       2
       1
       0
       2
       1
       1
       0
       2
       2
       4
       4
       5
       2
       2
       2
       1
       1
       1
       2
       4
       0
       1
       1
       1
       2
       0
       3
       6
       4
       3
       2
       3
       2
       1
       0
       1
       4
       1
       0
       0
       1
       1
       1
       1
       1
       1
       0
       1
       2
       1
       0
       1
       1
       2
       1
       1
       0
       0
       3
       1
       0
       1
       3
       2
       2
       0
       1
       1
       2
       0
       0
       1
       0
       0
       0
       1
       2
       0
       2
       1
       1
       2
       0
       2
       0
       0
       1
       1
       2
       1
       3
       3
       1
       0
       2
       1
       1
       1
       3
       0
       3
       0
       2
       3
       0
       2
       0
       1
       1
       2
       3
       0
       2
       1
       2
       1
       2
       1
       0
       0
       1
       0
       0
       1
       2
       2
       0
       0
       2
       2
       0
       1
       1
       1
       1
       1
       0
       0
       1
       0
       0
       1
       0
       1
       0
       0
       0
       0
       1
       3
       2
       0
       1
       0
       2
       1
       0
       0
       1
       0
       0
       2
       2
       0
       2
       0
       3
       0
       1
       2
       2
       1
       0
       1
       1
       1
       3
       0
       1
       0
       0
       0
       0
       0
       0
       0
       1
       2
       1
       0
       1
       1
       0
       0
       1
       1
       0
       0
       1
       0
       2
       0
       0
       0
       0
       1
       2
       0
       3
       1
       1
       0
       0
       0
       1
       2
       0
       1
       0
       0
       0
       2
       1
       0
       1
       0
       0
       0
       0
       1
       0
       0
       3
       0
       1
       1
       0
       1
       0
       0
       1
       0
       1
       0
       0
       0
       0
       1
       1
       0
       0
       0
       0
       1
       0
       0
       0
       0
       1
       0
       1
       0
       0
       0
       0
       0
       0
       1
       0
       0
       0
       0
       0
       0
       0
       0
       1
       0
       0
       1
       0
       1
       0
       0
       0
       1
       0
       0
       2
       2
       2
       0
       0
       0
       0
       0
       0
       0
       0
       0
       0
       0
       1
       0
       1
       0
       1
       1
       1
       0
       0
       0
       1
       0
       0
       0
       1
       0
       0
       0
       0
       0
       1
       0
       0
       0
       0
       0
       0
       0
       1
       0
       0
       0
       1
       3
       1
       0
       0
       1
       0
       0
       0
       0
       0
       0
       1
       2
       0
       0
       0
       0
       1
       0
       0
       0
       1
       0
       1
       0
       1
       0
       0
       0
       0
       0
       0
       0
       0
       1
       0
       0
       0
       0
       0
       0
       1
       0
       0
       0
       0
       1
       1
       0
       0
       0
       0
       0
       0
       1
       0
       0
       1
       1
       0
       0
       0
       0
       2
       0
       1
       1
       0
       1
       0
       0
       0
       0
       0
       0
       0
       0
       0
       0
       1
       2
       0
       0
       0
       2
       1
       0
       1
       0
       0
       0
       0
       0
       2
       0
       0
       1
       0
       0
       1
       0
       1
       0
       0
       0
       0
       1
       1
       0
       0
       0
       1
       0
       0
       0
       0
       1
       0
       0
       0
       0
       1
       0
       1
       0
       0
       0
       0
       0
       2
       0
       0
       0
       0
       0
       2
       0
       0
       1
       0
       0
       0
       0
       0
       0
       0
       0
       0
       0
       0
       0
       1
       1
       0
       0
       0
       0
       1
       0
       0
       1
       1
       0
       1
       0
       0
       0
       0
       0
       0
       0
       0
       1
       0
       1
       0
       0
       0
       0
       0
       1
       0
       0
       0
       0
       0
       0
       0
       0
       0
       1
       0
       1
       0
       0
       0
       0
       0
       0
       0
       0
       0
       0
       0
       0
       0
       0
       0
       0
       0
       0
       0
       0
       0
       0
       0
       0
       0
       0
       0
       0
       2
       0
       0
       0
       0
       0
       0
       0
       0
       0
       0
       0
       0
       0
       0
       0
       0
       0
       0
       1
       1
       0
       0
       0
       0
       0
       0
       0
       0
       0
       0
       0
       0
       0
       0
       0
       0
       0
       0
       0
       0
       0
       0
       0
       0
       0
       0
       0
       0
       1
       0
       0
       1
       2
       0
       1
       2
       0
       0
       0
       0
       0
       1
       0
       0
       0
       0
       0
       0
       1
       0
       0
       2
       0
       1
       1
       1
       1
       0
       0
       0
       1
       0
       0
       0
       0
       0
       0
       2
       0
       0
       0
       0
       0
       1
       0
       0
       1
       0
       0
       0
       1
       0
       0
       0
       0
       0
       0
       0
       0
       0
       0
       0
       1
       1
       0
       0
       0
       0
       1
       0
       0
       0
       1
       0
       0
       0
       1
       0
       0
       0
       0
       0
       1
       0
       1
       0
       0
       0
       0
       0
       0
       1
       0
       0
       0
       0
       0
       1
       0
       0
       0
       0
       0
       0
       0
       0
       0
       0
       0
       0
       1
       0
       0
       0
       0
       0
       0
       0
       0
       0
       0
       0
       0
       0
       0
       1
       1
       0
       0
       1
       0
       0
       0
       1
       0
       0
       0
       0
       0
       0
       0
       0
       0
       0
       0
       0
       1
       0
       1
       0
       0
       1
       1
       0
       0
       0
       1
       0
       0
       0
       0
       0
       0
       0
       0
       0
       1
       0
       0
       0
       0
       0
       0
       0
       0
       0
       0
       1
       0
       1
       0
       0
       0
       0
       0
       0
       0
       0
       0
       0
       0
       0
       1
       0
       0
       0
       0
       0
       0
       0
       0
       0
       0
       0
       0
       0
       0
       0
       0
       0
       0
       0
       0
       0
       0
       0
       0
       0
       0
       0
       0
       0
       0
       0
       0
       0
       1
       0
       0
       0
       0
       0
       1
       0
       0
       0
       0
       0
       0
       0
       1
       0
       0
       0
       0
       0
       1
       0
       0
       0
       0
       0
       0
       0
       0
       0
       0
       0
       0
       0
       0
       0
       0
       0
       0
       0
       0
       0
       0
       0
       0
       0
       0
       0
       0
       0
       0
       0
       0
       0
       0
       0
       0
       0
       0
       0
       0
       0
       0
       0
       0
       0
       0
       0
       0
       0
       0
       0
       0
       0
       0
       0
       0
       0
       0
       0
       0
       0
       0
       0
       0
       0
       0
       0
       0
       0
       0
       0
       0
       0
       0
       0
       0
       1
       0
       0
       0
       0
       0
       0
       0
       0
       0
       0
       0
       0
       0
       0
       0
       0
       0
       0
       0
       0
       0
       0
       0
       1
       0
       0
       0
       0
       0
       0
       0
       0
       0
       0
       0
       1
       0
       0
       0
       0
       0
       0
       0
       0
       0
       0
       0
       0
       0
       0
       0
       0
       0
       0
       0
       0
       0
       0
       0
       0
       0
       0
       0
       0
       0
       0
       0
       0
       0
       0
       0
       0
       0
       0
       0
       0
       0
       0
       0
       0
       0
       0
       0
       0
       0
       0
       0
       0
       0
       0
       0
       0
       0
       0
       0
       0
       0
       0
       0
       0
       0
       0
       0
       0
       1
       0
       0
       0
       0
       0
       0
       0
       0
       0
       0
       0
       0
       0
       0
       0
       0
       0
       0
       0
       0
       0
       0
       0
       0
       0
       0
       0
       0
       0
       0
       0
       0
       0
       0
       0
       0
       0
       0
       0
       0
       0
       0
       0
       0
       0
       0
       1
       0
       0
       0
       0
       0
       0
       0
       0
       0
       0
       0
       0
       0
       0
       0
       0
       0
       0
       0
       0
       0
       0
       0
       0
       0
       0
       0
       0
       0
       0
       0
       0
       0
       0
       0
       0
       0
       0
       0
       0
       0
       0
       0
       0
       0
       0
       0
       0
       0
       0
       0
       0
       0
       0
       0
       0
       0
       0
       0
       0
       0
       0
       0
       0
       0
       0
       0
       0
       0
       0
       0
       0
       0
       0
       0
       0
       0
       0
       0
       0
       0
       0
       0
       0
       0
       0
       0
       0
       0
       0
       0
       0
       0
       0
       0
       0
       0
       0
       0
       0
       0
       0
       0
       0
       0
       0
       0
       0
       0
       0
       0
       0
       1
       0
       0
       0
       0
       0
       0
       0
       0
       0
       0
       0
       0
       0
       0
       0
       0
       0
       0
       0
       0
       0
       0
       0
       0
       0
       0
       0
       0
       0
       0
       0
       0
       0
       0
       0
       0
       0
       0
       0
       0
       0
       0
       0
       0
$ROI:
0
$PRESETS:
Real Time
300
0
$ENER_FIT:
0.469351 0.014037
$MCA_CAL:
3
4.693512E-001 1.403652E-002 9.492896E-006
$SHAPE_CAL:
3
-9.945114E-001 3.232270E-002 -6.428470E-005
