$SPEC_ID:
No sample description was entered.
$SPEC_REM:
DET# 1
DETDESC# DESKTOP-R52NV8M Easy-MCA-2k SN 12016099
AP# Maestro Version 6.05
$DATE_MEA:
12/01/2022 15:05:02
$MEAS_TIM:
299 300
$DATA:
0 2047
       0
       0
       0
       0
       0
       0
       0
       0
       0
       0
       0
       0
       0
       0
       0
       0
       0
       0
       0
       0
       0
       0
       0
       0
       0
       0
       0
       0
       0
       0
       0
       0
       0
       0
       0
       0
       0
       0
       0
       0
       0
       0
       0
       0
       0
       0
       0
     395
     689
     632
     564
     554
     479
     461
     406
     390
     396
     387
     378
     359
     379
     355
     362
     345
     389
     365
     331
     364
     367
     355
     359
     368
     385
     385
     398
     389
     345
     415
     395
     394
     394
     399
     415
     423
     420
     419
     411
     429
     425
     415
     436
     483
     435
     437
     430
     474
     460
     420
     404
     406
     407
     402
     388
     378
     359
     401
     388
     374
     342
     318
     341
     316
     286
     299
     300
     262
     287
     263
     236
     235
     224
     218
     198
     186
     186
     195
     173
     181
     178
     182
     170
     146
     159
     137
     154
     123
     142
     143
     143
     130
     112
     132
     128
     130
     138
     135
     119
     131
     124
     125
     125
     127
     142
     129
     137
     138
     138
     118
     167
     137
     147
     156
     134
     165
     144
     128
     153
     179
     184
     195
     198
     202
     194
     232
     233
     249
     258
     293
     289
     286
     301
     344
     347
     334
     352
     343
     346
     388
     387
     403
     394
     356
     389
     367
     347
     372
     314
     305
     297
     256
     255
     239
     232
     207
     232
     172
     181
     164
     143
     144
     129
     111
     116
      87
      67
      74
      67
      76
      58
      48
      78
      49
      45
      43
      41
      46
      38
      34
      42
      24
      33
      28
      25
      27
      27
      20
      25
      27
      14
      17
      19
      26
      17
      26
      18
      16
      19
      19
      21
      12
      16
      19
      20
      10
      19
      14
      18
       6
      19
      17
      12
      19
      12
      15
      17
      25
      18
       7
       9
      19
      11
      18
      20
      15
      15
      17
      17
      13
      18
      16
      17
       9
      11
      17
      18
      13
      10
      18
      11
      18
      14
      12
      17
      16
      18
      13
      11
      17
      22
      21
      18
      18
       9
      12
      15
      17
      20
      12
      14
      17
      16
      10
      14
      19
      12
      17
      17
      20
       9
      18
      11
       8
      18
      11
      20
      15
      14
      13
       9
      17
       9
      13
      15
       8
      17
      16
       9
      14
      19
      12
      10
       3
       6
      13
      14
      12
       7
      15
      12
       6
      11
      16
      11
       7
      13
      15
       9
       9
       8
      10
       7
       5
      19
      16
       8
       9
       8
       6
      10
      13
       8
       6
      10
      12
       9
       7
      12
      13
      10
      12
       6
       9
       9
       9
       7
       7
      13
      15
       8
      18
      13
       9
       9
       6
       9
       7
       8
      11
       6
      13
      11
       6
       7
       8
      10
       6
      11
       8
       8
       6
       7
       8
       7
       8
       7
       9
       5
       5
      11
       6
       8
      10
       7
       8
       6
       6
      11
       7
       8
       8
       7
       4
       7
       5
       9
       4
       8
       7
       5
       6
      10
       6
       5
      10
       7
       5
      13
      12
       6
       7
       5
       5
       8
      13
       6
       8
      11
       9
       8
       4
       6
       4
       3
       9
       8
       4
       5
       4
       9
       5
       3
       6
       9
       9
       8
       3
       8
       4
       5
       4
       7
       8
       3
       3
       8
       2
       4
       5
       4
       2
       6
       6
       5
       6
       5
       4
       4
       8
       2
       4
       6
       6
       4
       3
       9
       4
       4
       3
       7
       5
       8
       6
       7
       5
       7
       8
       5
       3
       7
       7
       6
       9
       6
       9
       1
       5
       6
       6
       7
       5
       5
       3
       5
       3
       4
       3
       1
       3
       8
       8
       6
       9
       3
       1
       6
       4
       6
       4
       5
       4
       4
       4
       4
       0
       3
       2
       7
      13
       5
       8
       6
       3
       9
       8
       4
       6
       6
       3
       3
       5
       3
       5
       7
       6
       3
      10
       3
       3
       7
       4
       4
       7
       1
       2
       5
       5
       9
       5
       6
       6
      10
       9
       4
       1
       3
       5
       4
       7
       1
       7
       4
       7
       7
       4
       1
       8
       6
       3
       5
       3
       4
       2
       3
       6
       4
       3
       6
       5
       5
       5
       3
       5
       4
       4
       7
       1
       4
       5
       3
       2
       2
       4
       5
       4
       4
       5
       6
       5
       5
       1
       3
       4
       7
       2
       4
       4
       3
       5
       3
       3
       1
       3
       3
       4
       2
       8
       3
       5
       9
       6
       4
       3
       6
       4
       0
       0
       1
       3
       3
       4
       8
       2
       5
       2
       3
       3
       3
       4
       2
       1
       4
       2
       6
       3
       4
       1
       5
       3
       4
       2
       3
       5
       2
       4
       4
      10
       5
       4
       1
       4
       4
       4
       2
       5
       4
       6
       5
       3
       2
       5
       3
       3
       2
       4
       2
       1
       2
       3
       3
       1
       2
       5
       2
       1
       1
       1
       3
       2
       0
       3
       3
       1
       2
       1
       7
       1
       2
       0
       1
       3
       4
       2
       0
       2
       4
       4
       5
       3
       2
       3
       3
       0
       2
       2
       4
       0
       4
       1
       1
       1
       1
       7
       2
       2
       1
       3
       4
       2
       2
       2
       1
       3
       1
       4
       3
       2
       1
       1
       1
       2
       2
       1
       1
       0
       1
       1
       1
       1
       0
       0
       0
       0
       4
       1
       0
       2
       2
       3
       1
       0
       1
       0
       3
       1
       0
       0
       0
       1
       1
       1
       2
       0
       1
       0
       0
       1
       0
       1
       3
       1
       1
       0
       0
       0
       0
       1
       1
       1
       0
       2
       1
       1
       0
       1
       0
       1
       0
       1
       2
       1
       0
       2
       1
       3
       2
       0
       1
       0
       0
       1
       0
       1
       3
       2
       1
       1
       2
       1
       0
       2
       1
       2
       0
       2
       0
       3
       1
       1
       0
       2
       0
       1
       1
       0
       1
       1
       1
       0
       0
       0
       0
       0
       0
       0
       0
       1
       0
       1
       0
       0
       0
       0
       1
       1
       2
       1
       0
       1
       0
       0
       1
       0
       3
       1
       1
       0
       0
       1
       1
       0
       2
       1
       0
       0
       1
       0
       0
       0
       1
       1
       0
       1
       2
       0
       0
       0
       0
       1
       2
       0
       0
       0
       0
       0
       1
       0
       0
       1
       0
       1
       0
       1
       1
       0
       0
       0
       0
       1
       2
       0
       0
       1
       0
       0
       0
       0
       1
       0
       0
       0
       0
       0
       1
       1
       1
       0
       2
       1
       1
       0
       0
       0
       0
       1
       0
       2
       0
       0
       1
       0
       0
       1
       0
       0
       0
       0
       1
       0
       1
       1
       1
       0
       0
       0
       0
       0
       0
       1
       0
       1
       0
       0
       1
       0
       0
       0
       0
       0
       0
       0
       0
       0
       0
       0
       1
       0
       0
       2
       0
       0
       1
       0
       0
       0
       0
       0
       1
       1
       0
       0
       1
       0
       0
       0
       1
       0
       0
       0
       1
       1
       1
       0
       0
       0
       0
       0
       0
       1
       0
       0
       1
       0
       1
       0
       0
       0
       0
       0
       1
       0
       0
       0
       1
       1
       1
       0
       0
       0
       0
       0
       0
       0
       0
       1
       2
       0
       1
       0
       0
       0
       0
       1
       1
       0
       2
       0
       0
       0
       0
       2
       4
       0
       3
       2
       1
       0
       0
       0
       1
       0
       0
       1
       0
       1
       1
       1
       1
       0
       0
       1
       0
       0
       0
       0
       0
       0
       2
       0
       1
       0
       0
       0
       0
       0
       0
       1
       1
       1
       0
       0
       0
       0
       2
       1
       4
       0
       0
       0
       0
       0
       0
       0
       1
       0
       1
       1
       0
       0
       2
       0
       0
       1
       0
       0
       0
       0
       0
       0
       0
       0
       0
       0
       0
       1
       0
       0
       1
       0
       0
       0
       0
       0
       1
       0
       0
       0
       0
       0
       0
       0
       0
       1
       0
       1
       0
       1
       0
       1
       0
       0
       1
       1
       1
       1
       0
       0
       0
       0
       0
       1
       0
       1
       0
       0
       1
       0
       0
       2
       0
       0
       0
       0
       0
       0
       0
       0
       1
       0
       0
       0
       0
       0
       0
       0
       0
       0
       0
       0
       0
       0
       1
       0
       0
       0
       0
       0
       0
       0
       3
       0
       0
       1
       0
       1
       1
       0
       0
       1
       0
       0
       0
       0
       0
       0
       0
       0
       0
       0
       0
       0
       1
       1
       0
       0
       0
       0
       0
       0
       0
       0
       0
       0
       1
       0
       0
       0
       0
       0
       0
       1
       0
       0
       0
       0
       0
       0
       0
       0
       0
       0
       0
       0
       0
       0
       0
       0
       0
       1
       1
       1
       0
       0
       0
       0
       0
       0
       0
       0
       0
       0
       0
       0
       0
       0
       1
       0
       0
       0
       0
       0
       0
       0
       0
       0
       1
       0
       0
       0
       0
       0
       0
       0
       0
       0
       1
       0
       1
       0
       0
       1
       0
       0
       0
       1
       0
       0
       0
       0
       0
       0
       0
       0
       0
       0
       0
       0
       0
       0
       0
       1
       0
       0
       0
       0
       0
       0
       0
       1
       0
       0
       0
       1
       0
       0
       0
       0
       0
       0
       0
       1
       0
       1
       0
       0
       0
       0
       1
       0
       0
       0
       0
       0
       0
       1
       0
       0
       0
       0
       0
       0
       0
       0
       0
       0
       0
       0
       0
       0
       0
       0
       1
       0
       0
       0
       0
       0
       0
       0
       0
       0
       0
       0
       0
       0
       0
       1
       0
       0
       0
       0
       0
       0
       0
       0
       0
       0
       0
       0
       0
       0
       0
       0
       0
       0
       0
       0
       0
       0
       0
       0
       0
       0
       0
       0
       0
       0
       0
       0
       0
       0
       0
       1
       0
       0
       0
       1
       0
       0
       0
       0
       0
       0
       0
       0
       0
       0
       0
       0
       0
       0
       0
       0
       0
       0
       0
       0
       0
       0
       1
       0
       0
       0
       0
       0
       0
       0
       0
       0
       0
       0
       0
       0
       0
       0
       0
       0
       0
       0
       0
       0
       0
       0
       0
       0
       0
       0
       0
       0
       0
       0
       0
       0
       1
       0
       0
       0
       0
       0
       0
       0
       0
       0
       0
       0
       0
       0
       0
       0
       0
       0
       0
       0
       0
       0
       0
       0
       1
       0
       0
       0
       0
       0
       0
       0
       0
       0
       0
       0
       0
       0
       0
       0
       0
       0
       0
       0
       0
       0
       0
       0
       1
       0
       0
       0
       0
       0
       0
       0
       0
       0
       0
       1
       0
       0
       0
       0
       0
       0
       0
       0
       0
       0
       0
       0
       0
       0
       0
       0
       0
       0
       0
       0
       0
       0
       0
       0
       0
       0
       0
       0
       0
       0
       0
       0
       0
       0
       0
       0
       0
       0
       0
       0
       0
       0
       0
       0
       0
       0
       0
       1
       0
       0
       0
       0
       0
       0
       0
       0
       0
       0
       0
       0
       0
       0
       0
       0
       0
       0
       0
       0
       0
       1
       0
       0
       0
       0
       0
       0
       0
       0
       0
       0
       0
       0
       0
       0
       0
       0
       0
       0
       0
       0
       0
       0
       0
       0
       0
       0
       0
       0
       0
       0
       0
       0
       0
       0
       0
       0
       0
       0
       0
       0
       0
       0
       1
       0
       0
       0
       0
       0
       0
       0
       0
       0
       0
       0
       0
       0
       0
       0
       0
       0
       0
       0
       1
       0
       0
       0
       0
       0
       0
       0
       0
       0
       0
       0
       0
       0
       0
       0
       0
       0
       0
       0
       0
       0
       0
       0
       1
       0
       0
       0
       0
       0
       0
       0
       0
       0
       0
       0
       0
       0
       0
       0
       0
       0
       0
       0
       0
       0
       0
       0
       1
       0
       0
       0
       0
       0
       0
       0
       0
       0
       0
       0
       0
       0
       0
       0
       0
       0
       0
       0
       0
       0
       0
       0
       0
       0
       0
       0
       1
       0
       0
       0
       0
       0
       0
       0
       0
       0
       0
       0
       0
       0
       0
       0
       0
       0
       0
       0
       0
       0
       0
       0
       0
       0
       0
       0
       0
       0
       0
       0
       0
       0
       0
       0
       0
       0
       0
       0
       0
       0
       0
       1
       0
       0
       0
       0
       0
       0
       1
       0
       0
       0
       0
       0
       0
       0
       0
       0
       0
       0
       0
       0
       1
       0
       0
       0
       0
       0
       0
       0
       0
       0
       0
       0
       1
       0
       0
       0
       0
       0
       0
       0
       0
       0
       0
       0
       0
       0
       0
       0
       0
       0
       1
       0
       0
       0
       0
       0
       0
       0
       0
       0
       0
       0
       0
       0
       0
       0
       0
       0
       0
       0
       0
       0
       0
       0
       0
       0
       0
       0
       0
       0
       0
       0
       0
       0
       0
       0
       0
       0
       0
       0
       0
       0
       0
       0
       0
       0
       0
       0
       0
       0
       0
       0
       1
       0
       0
       0
       0
       0
       0
       0
       0
       0
       0
       0
       0
       0
       0
       0
       0
       0
       0
       0
       0
       0
       0
       0
       0
       0
       0
       0
       0
       0
       0
       0
       0
       0
       0
       0
       0
       0
       0
       0
       0
       0
       0
       0
       0
       0
       0
       0
       0
       0
       0
       0
       0
       0
       0
       0
       0
       0
       0
       0
       0
       0
       0
       0
       0
       0
       0
       0
       0
       0
       0
       0
       0
       0
       0
       0
       0
       0
       0
       0
       0
       0
       0
       0
       0
       0
       0
       0
       0
       0
       0
       0
       0
       0
       0
       0
       0
       0
       0
       0
       0
       0
       0
       0
       0
       0
       0
       0
       0
       0
       0
       0
$ROI:
0
$PRESETS:
Real Time
300
0
$ENER_FIT:
0.469351 0.014037
$MCA_CAL:
3
4.693512E-001 1.403652E-002 9.492896E-006
$SHAPE_CAL:
3
-9.945114E-001 3.232270E-002 -6.428470E-005
