$SPEC_ID:
No sample description was entered.
$SPEC_REM:
DET# 1
DETDESC# DESKTOP-R52NV8M Easy-MCA-2k SN 12016099
AP# Maestro Version 6.05
$DATE_MEA:
12/01/2022 14:37:30
$MEAS_TIM:
296 300
$DATA:
0 2047
       0
       0
       0
       0
       0
       0
       0
       0
       0
       0
       0
       0
       0
       0
       0
       0
       0
       0
       0
       0
       0
       0
       0
       0
       0
       0
       0
       0
       0
       0
       0
       0
       0
       2
       1
       0
       0
       0
       4
       2
       2
       1
       5
       6
       4
       7
      13
    4956
    9382
    9607
    9489
    9306
    8625
    8063
    7151
    6127
    5299
    4420
    3902
    3298
    2964
    2586
    2393
    2336
    2220
    2202
    2269
    2204
    2189
    2203
    2208
    2271
    2157
    2211
    2242
    2217
    2335
    2306
    2283
    2309
    2490
    2408
    2371
    2469
    2603
    2556
    2681
    2673
    2606
    2703
    2801
    2769
    2826
    2973
    2880
    2811
    2818
    2921
    2832
    2738
    2745
    2787
    2694
    2691
    2590
    2615
    2763
    2655
    2482
    2514
    2511
    2387
    2465
    2308
    2258
    2215
    2207
    2151
    2092
    2008
    2070
    1888
    1964
    1917
    1851
    1826
    1802
    1780
    1700
    1717
    1603
    1717
    1606
    1557
    1549
    1483
    1555
    1466
    1491
    1553
    1480
    1443
    1465
    1527
    1525
    1577
    1575
    1487
    1521
    1648
    1598
    1651
    1769
    1745
    1807
    1763
    1879
    1937
    1914
    2031
    2109
    2089
    2119
    2228
    2230
    2307
    2310
    2297
    2443
    2390
    2471
    2467
    2423
    2401
    2381
    2440
    2358
    2321
    2293
    2197
    2207
    2239
    2230
    2111
    2160
    2206
    2310
    2288
    2396
    2430
    2409
    2568
    2745
    2835
    2954
    3114
    3300
    3311
    3500
    3649
    3636
    3646
    3873
    3864
    3838
    3782
    3741
    3746
    3501
    3649
    3416
    3345
    3143
    2941
    2778
    2575
    2450
    2337
    2027
    1919
    1773
    1718
    1436
    1354
    1252
    1176
    1001
     955
     817
     724
     675
     615
     542
     489
     453
     415
     374
     340
     275
     233
     238
     217
     207
     228
     179
     159
     152
     120
     136
     122
     131
     119
      98
     108
      91
      93
      88
      84
      86
      70
      69
      67
      55
      60
      43
      60
      56
      47
      50
      51
      46
      56
      49
      31
      30
      38
      27
      29
      27
      38
      25
      37
      21
      25
      25
      29
      29
      25
      25
      26
      18
      22
      23
      23
      20
      24
      25
      22
      23
      29
      20
      23
      26
      22
      19
      19
      14
      17
      24
      16
      17
      21
      22
      18
      25
      21
      17
      28
      18
      18
      14
      15
      13
      17
      19
      13
      17
      33
      18
      17
      14
      12
      18
      17
      15
      19
      16
      19
      21
      17
      13
      18
      26
      16
      23
       9
      17
      21
      10
      18
      18
      14
      18
      20
      18
      14
      16
      18
      18
      15
      17
      15
      16
      21
      13
      14
      21
       9
       7
      12
      12
       9
      13
      12
      10
      24
      12
      13
      15
      14
      13
      17
      13
      10
      18
      12
      12
      15
      10
      15
      14
      12
       8
      11
      15
      10
      11
       9
      12
       8
       7
       7
       7
      14
       6
      11
       7
      10
      13
       8
      14
      11
       7
      11
       6
      10
      10
      13
       9
      10
      14
       7
       9
      14
      10
      14
      10
       7
       6
      11
      12
      11
      10
      13
      12
       5
      10
       7
       8
      12
      12
      10
       3
       4
       7
       4
       7
       3
       5
       8
       7
       7
       5
       8
       5
      13
       6
       8
      12
      12
       6
       6
       8
       5
       8
       6
       8
      11
       6
       6
       2
      10
       6
      11
       6
       7
      10
       9
       5
       4
       8
       6
      10
      12
       7
       9
       4
       5
       3
       4
       5
       5
       8
       7
       8
       7
       9
       5
       8
      10
      11
      12
       3
       6
       4
       5
       7
      11
       8
       3
       5
       4
       6
       4
       4
       7
       9
       9
       2
       7
       6
       9
       7
       1
       3
       4
       5
       5
       6
       7
       3
       6
       6
       5
      10
       9
       3
       7
      10
       5
       5
       3
       6
       6
       7
       9
       8
       5
       3
       2
       2
       7
       6
       5
       6
       3
       6
       5
       3
      10
       4
       3
       6
       6
       3
       5
       3
       6
       6
       4
       2
       5
       7
       4
       2
       5
       6
       5
       4
       8
       5
       2
       2
       2
       2
       5
       6
       7
       3
      10
       3
       7
       6
       4
       4
       1
       4
       2
       2
       5
       3
       2
       5
       4
       4
       1
       4
       6
       2
       5
       5
       3
       6
       3
       8
       7
       2
       2
       9
       7
       5
       3
       9
       4
       5
       7
       4
       4
       6
      10
      11
       4
       4
       5
       7
       5
      11
       5
       4
       6
       5
       6
       2
       1
       1
       6
       7
       7
       1
       4
       5
       6
       4
       2
       4
       5
       5
       2
       2
       3
       7
       3
       4
       5
       4
       4
       2
       1
       4
       2
       7
       2
       8
       4
       7
       3
       4
       3
       6
       1
       2
       4
       4
       2
       5
       5
       3
       2
       5
       2
       7
       4
       1
       1
       2
       1
       1
       6
       2
       1
       2
       6
       1
       6
       4
       5
       4
       1
       5
       3
       1
       4
       2
       3
       4
       5
       5
       6
       3
       3
       4
       3
       2
       3
       1
       3
       4
       4
       3
       3
       4
       5
       1
       5
       3
       4
       4
       3
      11
      10
       1
       5
       2
       3
       2
       1
       1
       2
       3
       5
       5
       2
       1
       1
       3
       2
       3
       1
       1
       1
       1
       3
       1
       1
       1
       1
       2
       4
       0
       1
       1
       2
       3
       3
       5
       4
       0
       2
       1
       3
       3
       2
       1
       6
       1
       3
       3
       1
       0
       1
       4
       1
       4
       4
       3
       3
       2
       1
       6
       4
       2
       5
       2
       4
       3
       3
       2
       2
       0
       8
       3
       2
       1
       3
       1
       1
       2
       1
       7
       1
       4
       2
       1
       1
       0
       2
       1
       1
       4
       2
       1
       2
       0
       3
       1
       3
       0
       1
       1
       2
       2
       1
       4
       2
       0
       0
       0
       1
       1
       2
       0
       0
       0
       1
       0
       0
       1
       1
       3
       1
       0
       2
       1
       1
       2
       3
       1
       0
       1
       3
       3
       0
       0
       4
       0
       1
       2
       2
       1
       1
       4
       1
       1
       1
       4
       2
       0
       2
       2
       0
       2
       0
       0
       0
       0
       3
       4
       0
       1
       0
       2
       0
       1
       0
       1
       3
       0
       1
       1
       0
       0
       0
       0
       1
       2
       1
       0
       0
       1
       0
       2
       2
       1
       3
       0
       1
       2
       1
       0
       1
       0
       0
       0
       0
       1
       0
       1
       1
       0
       3
       1
       0
       0
       0
       2
       0
       3
       2
       0
       3
       1
       1
       0
       1
       0
       2
       0
       0
       0
       2
       1
       2
       2
       2
       0
       2
       2
       0
       0
       0
       0
       1
       0
       2
       0
       0
       1
       0
       0
       2
       0
       2
       0
       0
       2
       0
       1
       1
       0
       1
       1
       2
       0
       0
       0
       0
       0
       0
       0
       2
       0
       0
       0
       0
       1
       2
       0
       0
       0
       0
       0
       1
       2
       1
       0
       1
       0
       1
       2
       0
       1
       1
       0
       1
       0
       1
       0
       1
       0
       0
       0
       0
       0
       1
       0
       0
       1
       0
       0
       0
       1
       0
       0
       2
       0
       1
       0
       0
       0
       0
       1
       0
       0
       0
       0
       0
       0
       1
       1
       1
       0
       0
       0
       0
       0
       1
       0
       1
       0
       1
       0
       0
       0
       0
       0
       1
       1
       1
       1
       1
       1
       2
       0
       1
       2
       0
       0
       0
       0
       0
       2
       0
       0
       0
       0
       0
       0
       0
       0
       0
       0
       1
       1
       1
       0
       0
       1
       0
       0
       1
       2
       0
       1
       1
       0
       0
       0
       1
       2
       0
       0
       0
       0
       1
       0
       0
       0
       0
       0
       0
       0
       0
       0
       1
       1
       0
       0
       0
       0
       1
       0
       0
       0
       0
       0
       1
       1
       1
       0
       0
       0
       0
       0
       0
       0
       1
       0
       0
       0
       0
       1
       0
       0
       0
       0
       0
       0
       0
       0
       1
       0
       1
       0
       1
       0
       0
       0
       1
       0
       1
       1
       0
       0
       0
       1
       0
       0
       0
       0
       0
       2
       1
       0
       0
       0
       1
       0
       1
       0
       0
       0
       0
       0
       0
       0
       0
       2
       0
       0
       0
       0
       0
       0
       0
       1
       0
       0
       0
       0
       0
       0
       0
       0
       0
       0
       2
       0
       0
       0
       0
       1
       1
       0
       0
       0
       0
       0
       0
       0
       1
       0
       0
       0
       0
       1
       0
       1
       1
       0
       0
       0
       0
       0
       0
       0
       0
       0
       0
       0
       0
       1
       0
       0
       0
       0
       0
       0
       1
       0
       1
       0
       0
       0
       0
       1
       0
       0
       0
       0
       1
       0
       0
       0
       0
       0
       1
       0
       0
       0
       0
       0
       0
       0
       0
       0
       0
       0
       0
       0
       0
       1
       0
       0
       0
       0
       0
       1
       2
       0
       1
       0
       2
       0
       0
       0
       0
       0
       0
       1
       0
       0
       0
       0
       0
       0
       1
       0
       1
       0
       0
       0
       1
       0
       0
       0
       0
       0
       0
       0
       0
       0
       0
       0
       0
       0
       0
       0
       0
       0
       0
       1
       0
       0
       0
       1
       0
       0
       0
       0
       0
       0
       0
       0
       0
       0
       1
       0
       0
       0
       0
       0
       0
       0
       0
       0
       0
       0
       0
       0
       0
       0
       0
       2
       0
       0
       0
       0
       0
       0
       0
       0
       0
       0
       0
       0
       0
       0
       0
       0
       0
       0
       1
       0
       0
       0
       0
       0
       0
       0
       2
       0
       0
       0
       0
       0
       0
       0
       0
       0
       0
       0
       0
       0
       0
       0
       0
       0
       0
       0
       0
       0
       0
       0
       1
       0
       0
       0
       0
       0
       0
       0
       0
       0
       1
       1
       0
       0
       0
       0
       1
       0
       0
       0
       1
       1
       0
       0
       0
       0
       0
       0
       0
       0
       0
       0
       0
       0
       0
       0
       0
       0
       0
       0
       1
       0
       1
       0
       0
       0
       0
       0
       0
       0
       0
       0
       0
       0
       0
       0
       0
       0
       0
       0
       0
       0
       0
       0
       0
       1
       0
       0
       0
       0
       0
       0
       0
       0
       0
       0
       0
       0
       0
       0
       0
       0
       0
       0
       0
       0
       0
       0
       0
       0
       0
       0
       0
       0
       0
       0
       0
       1
       0
       0
       0
       1
       0
       0
       0
       0
       0
       0
       1
       0
       0
       0
       0
       0
       0
       0
       0
       0
       0
       0
       0
       0
       0
       1
       0
       0
       0
       1
       0
       0
       0
       0
       0
       0
       0
       0
       0
       0
       0
       0
       0
       0
       0
       0
       0
       0
       0
       0
       0
       0
       0
       0
       0
       0
       0
       0
       0
       0
       0
       0
       0
       0
       0
       0
       0
       0
       0
       0
       0
       0
       0
       0
       0
       0
       0
       0
       0
       0
       0
       0
       0
       0
       0
       0
       0
       0
       0
       0
       0
       0
       0
       0
       0
       0
       0
       0
       0
       0
       0
       0
       0
       0
       0
       0
       0
       0
       0
       0
       0
       0
       0
       0
       0
       0
       0
       0
       0
       0
       0
       0
       0
       1
       0
       0
       0
       0
       0
       0
       0
       0
       0
       0
       0
       0
       0
       0
       0
       0
       0
       0
       0
       0
       0
       0
       0
       0
       0
       0
       0
       0
       0
       0
       0
       0
       0
       0
       0
       0
       0
       0
       0
       0
       0
       0
       0
       0
       0
       0
       0
       0
       0
       0
       0
       0
       0
       0
       0
       0
       0
       0
       0
       0
       0
       0
       0
       0
       0
       0
       0
       0
       0
       0
       0
       0
       0
       0
       1
       0
       0
       0
       0
       0
       1
       0
       0
       0
       0
       0
       0
       0
       0
       0
       0
       0
       0
       0
       0
       0
       0
       0
       0
       0
       0
       0
       0
       0
       0
       0
       0
       0
       0
       1
       0
       0
       0
       0
       0
       0
       0
       0
       0
       0
       0
       0
       0
       0
       0
       0
       0
       0
       0
       0
       0
       0
       0
       0
       0
       0
       0
       0
       0
       0
       0
       0
       0
       0
       0
       0
       0
       0
       0
       0
       0
       0
       0
       0
       0
       0
       0
       0
       0
       0
       0
       0
       0
       0
       0
       0
       0
       0
       0
       0
       0
       0
       0
       0
       1
       0
       0
       0
       0
       0
       0
       0
       0
       1
       0
       1
       0
       0
       0
       0
       0
       0
       0
       0
       0
       0
       0
       0
       0
       0
       0
       0
       0
       0
       0
       1
       0
       0
       0
       0
       0
       0
       0
       0
       0
       0
       0
       0
       0
       0
       0
       0
       0
       0
       0
       0
       0
       0
       0
       0
       0
       0
       0
       0
       0
       0
       0
       0
       0
       0
       0
       0
       0
       0
       0
       0
       0
       0
       0
       0
       0
       0
       0
       0
       0
       0
       0
       0
       0
       0
       0
       0
       0
       0
       0
       0
       0
       0
       0
       0
       0
       0
       0
       0
       0
       0
       0
       0
       0
       0
       0
       0
       0
       1
       0
       1
       0
       0
       0
       0
       0
       0
       0
       0
       0
       0
       0
       0
       0
       0
       0
       0
       0
       0
       0
       1
       0
       0
       0
       0
       0
       0
       0
       0
       0
       0
       0
       0
       0
       0
       0
       0
       0
       0
       1
       0
       0
       0
       0
       0
       0
       0
       0
       0
       0
       0
       0
       0
       0
       0
       0
       0
       0
       0
       0
       0
       0
       0
       0
       0
       0
       0
       0
       0
       0
       0
       0
       0
       0
       0
       0
       0
       0
       0
       0
       0
       0
       0
       0
       0
       0
       0
       0
       0
       0
       0
       0
       0
       0
       0
       0
       0
       0
       0
       0
       0
       0
       0
       0
       0
       0
       0
       0
$ROI:
0
$PRESETS:
Real Time
300
0
$ENER_FIT:
0.469351 0.014037
$MCA_CAL:
3
4.693512E-001 1.403652E-002 9.492896E-006
$SHAPE_CAL:
3
-9.945114E-001 3.232270E-002 -6.428470E-005
