$SPEC_ID:
No sample description was entered.
$SPEC_REM:
DET# 2
DETDESC# DESKTOP-R52NV8M Easy-MCA-2k SN 13254640
AP# Maestro Version 6.05
$DATE_MEA:
11/29/2022 14:22:34
$MEAS_TIM:
299 300
$DATA:
0 2047
       0
       0
       0
       0
       0
       0
       0
       0
       0
       0
       0
       0
       0
       0
       0
       0
       0
       0
       0
       0
       0
       0
       0
       0
       0
       0
       0
       0
       0
       0
       0
       0
       0
       0
       0
       0
       0
       0
       0
       0
       0
       0
       0
       0
       3
      77
     197
     261
     253
     210
     224
     227
     223
     196
     197
     209
     179
     181
     204
     173
     176
     182
     148
     148
     149
     137
     126
     146
     137
     120
     121
     126
     119
     139
     103
     105
      94
     119
      87
      88
      94
      77
      93
      62
      72
      68
      61
      68
      71
      57
      74
      49
      72
      67
      62
      87
      48
      56
      72
      53
      37
      46
      58
      57
      51
      47
      54
      34
      35
      45
      43
      34
      31
      35
      39
      27
      33
      28
      29
      31
      37
      27
      29
      27
      29
      29
      34
      21
      27
      37
      35
      26
      22
      27
      22
      24
      26
      28
      32
      22
      23
      25
      17
      29
      30
      25
      19
      16
      23
      25
      21
      27
      23
      22
      19
      16
      13
      32
      14
      27
      23
      28
      18
      20
      13
      21
      19
      24
      14
      19
      19
      22
      22
      16
      22
      25
      18
      20
      13
       9
      22
      17
      14
      23
      13
      11
      10
      16
      16
      16
      16
      13
      11
      15
      11
      10
       9
      13
      15
      10
      11
      10
      10
       7
       9
      14
       7
      11
      10
      10
      24
      10
      11
       8
      10
       6
      13
       9
      10
       7
       3
       6
       7
       9
       8
      10
       6
       7
      13
       9
      12
       9
       9
       9
      15
      16
       9
       6
       5
       9
       8
       6
       9
       4
      10
      12
       7
       4
       7
       9
       5
      12
      12
       7
      11
       3
       7
       5
      10
      13
       7
      13
       6
       9
       9
       9
       8
       2
       5
       9
       7
       5
       7
       4
       8
       5
       4
      10
       5
       7
       5
      10
       9
       8
      12
       6
      10
       8
       4
       7
       7
       8
       4
       5
       4
       4
       4
       8
       8
       7
       6
       8
      14
       6
       1
       5
       6
       8
       7
       4
       7
       8
       7
       7
       6
       3
       7
       9
       3
       3
       6
       3
       4
       8
       4
       4
       3
      10
       4
       6
       9
       2
      10
       2
       3
       6
       3
       1
       4
       7
       5
       8
       5
       6
       0
       1
       4
       9
       6
       7
       4
       4
       3
       6
       4
       3
       6
       4
       5
       2
       6
       3
       2
       2
       2
       4
       7
       4
       5
       2
       8
       3
       4
       5
       2
       2
       2
       4
       3
       3
       4
       4
       7
       4
       0
       6
       3
       1
       4
       7
       2
       3
       1
       4
       4
       4
       2
       2
       6
       4
       3
       7
       4
       4
       6
       5
       3
       1
       3
       2
       4
       5
       3
       1
       1
       2
       1
       4
       1
       2
       6
       7
       1
       2
       3
       4
       4
       4
       1
       1
       4
       5
       1
       4
       2
       1
       1
       3
       3
       0
       5
       1
       2
       2
       2
       2
       1
       3
       0
       2
       2
       3
       0
       4
       0
       3
       1
       0
       3
       0
       1
       2
       1
       4
       0
       1
       0
       3
       4
       2
       5
       2
       1
       0
       4
       0
       3
       1
       1
       0
       1
       1
       0
       0
       2
       1
       1
       0
       1
       0
       0
       4
       1
       1
       1
       1
       0
       1
       2
       1
       1
       0
       3
       2
       2
       3
       2
       0
       0
       0
       2
       2
       0
       1
       3
       1
       2
       1
       1
       0
       0
       1
       2
       2
       1
       0
       0
       1
       1
       2
       0
       1
       1
       2
       0
       2
       3
       3
       2
       0
       3
       1
       1
       0
       1
       0
       0
       2
       1
       0
       1
       0
       1
       0
       1
       0
       2
       0
       0
       1
       2
       0
       3
       2
       0
       0
       2
       1
       0
       0
       1
       0
       1
       1
       2
       0
       2
       0
       3
       0
       2
       1
       1
       0
       0
       1
       0
       0
       0
       3
       0
       0
       0
       0
       0
       0
       1
       0
       0
       1
       0
       0
       1
       2
       1
       1
       1
       1
       1
       0
       0
       1
       2
       0
       1
       0
       1
       0
       0
       0
       0
       2
       0
       0
       1
       1
       1
       0
       0
       0
       1
       0
       0
       0
       1
       0
       0
       0
       1
       0
       1
       0
       1
       0
       1
       4
       0
       0
       0
       1
       1
       0
       0
       0
       0
       0
       1
       0
       0
       0
       0
       0
       0
       0
       0
       0
       0
       0
       0
       0
       0
       1
       0
       0
       0
       0
       0
       0
       0
       1
       1
       1
       0
       0
       0
       0
       2
       1
       0
       1
       2
       1
       2
       0
       1
       0
       1
       1
       0
       1
       1
       0
       0
       0
       0
       1
       0
       0
       0
       0
       2
       0
       0
       0
       0
       0
       2
       1
       0
       0
       2
       0
       0
       0
       0
       0
       0
       0
       0
       0
       0
       1
       0
       0
       0
       0
       0
       0
       1
       0
       0
       0
       0
       1
       0
       0
       0
       0
       1
       0
       0
       0
       0
       0
       0
       1
       0
       0
       0
       0
       1
       0
       0
       1
       0
       0
       0
       1
       0
       0
       0
       0
       0
       0
       0
       1
       0
       0
       1
       0
       0
       0
       0
       0
       1
       0
       1
       0
       0
       0
       0
       0
       1
       0
       0
       0
       0
       0
       0
       0
       0
       0
       1
       0
       0
       0
       0
       0
       0
       0
       0
       0
       0
       0
       0
       0
       0
       0
       0
       0
       0
       0
       0
       0
       0
       0
       0
       0
       0
       0
       0
       0
       0
       0
       0
       0
       0
       0
       0
       0
       0
       0
       0
       0
       0
       0
       0
       0
       0
       0
       0
       0
       1
       0
       0
       0
       0
       0
       0
       0
       0
       0
       0
       0
       0
       0
       0
       0
       0
       1
       0
       0
       1
       0
       0
       0
       0
       0
       0
       0
       0
       0
       0
       0
       0
       0
       0
       0
       0
       0
       0
       0
       0
       0
       0
       0
       0
       0
       0
       0
       0
       0
       0
       0
       0
       0
       0
       0
       0
       0
       0
       0
       0
       0
       0
       0
       0
       0
       0
       0
       0
       0
       0
       0
       0
       0
       0
       1
       0
       0
       0
       0
       0
       0
       0
       0
       0
       0
       0
       0
       0
       0
       0
       0
       0
       0
       0
       0
       0
       0
       0
       0
       0
       0
       0
       0
       0
       0
       0
       0
       0
       0
       0
       0
       0
       0
       0
       0
       0
       0
       0
       0
       0
       0
       0
       0
       0
       0
       0
       0
       0
       0
       0
       0
       0
       0
       0
       0
       0
       0
       0
       0
       0
       0
       0
       0
       0
       0
       0
       0
       0
       0
       0
       0
       0
       0
       0
       0
       0
       0
       0
       0
       0
       0
       0
       0
       1
       0
       0
       0
       0
       1
       0
       0
       0
       0
       0
       0
       0
       0
       0
       0
       0
       0
       0
       0
       0
       0
       0
       0
       0
       1
       0
       0
       0
       0
       0
       0
       0
       1
       0
       0
       0
       0
       0
       0
       0
       0
       0
       0
       0
       0
       0
       0
       0
       0
       0
       0
       0
       0
       0
       0
       0
       0
       0
       0
       0
       0
       0
       0
       0
       0
       0
       0
       0
       0
       0
       0
       0
       0
       0
       0
       0
       1
       0
       0
       0
       0
       0
       0
       0
       0
       0
       0
       0
       0
       0
       0
       0
       0
       0
       1
       0
       0
       0
       0
       0
       0
       0
       0
       0
       0
       0
       0
       0
       0
       0
       0
       0
       0
       0
       0
       0
       1
       0
       1
       0
       0
       0
       0
       1
       1
       0
       0
       0
       0
       0
       0
       0
       0
       0
       0
       0
       0
       0
       0
       0
       0
       0
       0
       0
       0
       0
       0
       0
       0
       0
       0
       0
       0
       0
       0
       0
       0
       0
       0
       0
       0
       0
       0
       0
       0
       0
       0
       0
       0
       0
       0
       0
       0
       0
       0
       0
       0
       0
       0
       0
       0
       0
       0
       0
       0
       0
       0
       0
       0
       0
       0
       0
       0
       0
       1
       0
       0
       0
       0
       0
       0
       1
       1
       0
       0
       0
       0
       0
       0
       0
       0
       0
       0
       0
       0
       0
       0
       0
       0
       0
       0
       0
       0
       0
       0
       0
       0
       0
       0
       1
       0
       0
       0
       0
       0
       0
       0
       0
       0
       0
       0
       0
       0
       0
       0
       0
       1
       0
       0
       0
       0
       0
       0
       0
       0
       0
       0
       0
       0
       0
       0
       0
       0
       0
       0
       0
       0
       0
       0
       0
       0
       0
       0
       0
       0
       0
       0
       0
       0
       0
       0
       0
       0
       0
       0
       0
       0
       0
       0
       0
       0
       0
       0
       0
       0
       0
       0
       0
       0
       0
       0
       0
       0
       0
       0
       0
       0
       0
       0
       0
       0
       0
       0
       0
       0
       0
       0
       0
       0
       0
       0
       0
       0
       1
       0
       0
       0
       0
       0
       0
       0
       0
       0
       0
       0
       0
       0
       0
       0
       0
       0
       0
       0
       0
       0
       0
       0
       0
       0
       0
       0
       0
       0
       0
       0
       0
       0
       0
       0
       0
       0
       0
       0
       0
       0
       0
       0
       0
       0
       0
       0
       0
       0
       0
       0
       0
       0
       0
       0
       0
       0
       0
       0
       0
       0
       0
       0
       0
       0
       0
       0
       0
       0
       0
       0
       0
       0
       0
       0
       0
       0
       0
       0
       0
       0
       0
       0
       0
       0
       0
       0
       0
       0
       0
       0
       0
       0
       0
       0
       0
       0
       0
       0
       0
       0
       0
       0
       0
       0
       0
       0
       0
       0
       0
       0
       0
       0
       0
       0
       0
       0
       0
       0
       0
       0
       0
       0
       0
       0
       0
       0
       0
       0
       0
       0
       0
       0
       0
       0
       0
       0
       0
       0
       0
       0
       0
       0
       0
       0
       0
       0
       0
       0
       0
       0
       0
       0
       0
       0
       0
       0
       0
       0
       0
       0
       0
       0
       0
       0
       0
       0
       0
       0
       0
       0
       0
       0
       0
       0
       0
       0
       0
       0
       0
       0
       0
       0
       0
       0
       0
       0
       0
       0
       0
       0
       0
       0
       0
       0
       0
       0
       0
       0
       0
       0
       0
       0
       0
       0
       0
       0
       0
       0
       0
       0
       0
       0
       0
       0
       1
       0
       0
       0
       0
       0
       0
       0
       0
       0
       0
       0
       0
       0
       0
       0
       0
       0
       0
       0
       0
       0
       0
       0
       0
       0
       0
       0
       0
       0
       0
       0
       0
       0
       0
       0
       0
       0
       0
       0
       0
       0
       0
       0
       0
       0
       0
       0
       0
       0
       0
       0
       0
       0
       0
       0
       0
       0
       0
       0
       0
       0
       0
       0
       0
       0
       0
       0
       0
       0
       0
       0
       0
       0
       0
       1
       0
       0
       0
       0
       0
       0
       0
       0
       0
       0
       0
       0
       0
       0
       0
       0
       0
       0
       0
       0
       0
       0
       0
       0
       0
       0
       0
       0
       0
       0
       0
       0
       0
       0
       0
       0
       0
       0
       0
       0
       0
       0
       0
       0
       0
       0
       0
       0
       0
       0
       0
       0
       0
       0
       0
       0
       0
       0
       0
       0
       0
       0
       0
       0
       0
       0
       0
       0
       0
       0
       0
       0
       0
       0
       0
       0
       0
       0
       0
       0
       0
       0
       0
       0
       0
       0
       0
       0
       0
       0
       0
       0
       0
       0
       0
       0
       0
       0
       0
       0
       0
       0
       0
       0
       0
       0
       0
       0
       0
       0
       0
       0
       0
       0
       0
       0
       0
       0
       0
       0
       0
       0
       0
       0
       0
       0
       0
       0
       0
       0
       0
       0
       0
       0
       0
       0
       0
       0
       0
       0
       0
       0
       0
       0
       0
       0
       0
       0
       0
       0
       0
       0
       0
       0
       0
       0
       0
       0
       0
       0
       0
       0
       0
       0
       0
       0
       0
       0
       0
       0
       0
       0
       0
       0
       0
       0
       0
       0
       0
       0
       0
       0
       0
       0
       0
       0
       0
       0
       0
       0
       0
       0
       0
       0
       0
       0
       0
       0
       0
       0
       0
       0
       0
       0
       0
       0
       0
       0
       0
       0
       0
       0
       0
       0
       0
       0
       0
       0
       0
       0
       0
       0
       0
       0
       0
       0
       0
       0
       0
       0
       0
       0
       0
       0
       0
       0
       0
       0
       0
       0
       0
       0
       0
       0
       0
       0
       0
       0
       0
       0
       0
       0
       0
       0
       0
       0
       0
       0
       0
       0
       0
       0
       0
       0
       0
       0
       0
       0
       0
       0
       0
       0
       0
       0
       0
       0
       0
       0
       0
       0
       0
       0
       0
       0
       0
       0
       0
       0
       0
       0
       0
       0
       0
       0
       0
       0
       0
       0
       0
       0
       0
       0
       0
       0
       0
       0
       0
       0
       0
       0
       0
       0
       0
       0
       0
       0
       0
       0
       0
       0
       0
       0
       0
       0
       0
       0
       0
       0
       0
       0
       0
       0
       0
       0
       0
       0
       0
       0
       0
       0
       0
       0
       0
       0
       0
       0
       0
       0
       0
       0
       0
       0
       0
       0
       0
       0
       0
       0
       0
       0
       0
       0
       0
       0
       0
       0
       0
       0
       0
       0
       0
       0
       0
       0
       0
       0
       0
       0
       0
       0
       0
       0
       0
       0
       0
       0
       0
       0
       0
       0
       0
       0
       0
       0
       0
       0
       0
       0
       0
       0
       0
       0
       0
       0
       0
       0
       0
       0
       0
       0
       0
       0
       0
       0
       0
       0
$ROI:
1
841 851
$PRESETS:
Real Time
300
0
$ENER_FIT:
0.000000 3.408247
$MCA_CAL:
3
0.000000E+000 3.408247E+000 0.000000E+000
$SHAPE_CAL:
3
0.000000E+000 0.000000E+000 0.000000E+000
