$SPEC_ID:
No sample description was entered.
$SPEC_REM:
DET# 2
DETDESC# DESKTOP-R52NV8M Easy-MCA-2k SN 13254640
AP# Maestro Version 6.05
$DATE_MEA:
11/22/2022 15:51:07
$MEAS_TIM:
599 600
$DATA:
0 2047
       0
       0
       0
       0
       0
       0
       0
       0
       0
       0
       0
       0
       0
       0
       0
       0
       0
       0
       0
       0
       0
       0
       0
       0
       0
       0
       0
       0
       0
       0
       0
       0
       0
       0
       0
       0
       0
       0
       0
       0
       0
       0
       0
       0
       2
      98
     371
     416
     431
     415
     359
     345
     364
     346
     346
     305
     312
     278
     315
     283
     311
     275
     248
     258
     247
     228
     210
     219
     201
     209
     209
     181
     192
     172
     143
     150
     166
     137
     159
     157
     156
     157
     129
     108
     127
     112
     125
     114
      91
     113
     111
     109
     136
     109
     100
      90
     105
      82
      82
      81
      82
      85
      81
      64
      59
      65
      80
      80
      49
      76
      57
      65
      73
      55
      48
      53
      52
      50
      53
      50
      58
      56
      44
      59
      49
      48
      46
      53
      45
      53
      50
      44
      43
      56
      40
      49
      37
      42
      51
      46
      40
      31
      44
      49
      34
      42
      40
      37
      41
      52
      40
      37
      43
      38
      38
      42
      36
      43
      36
      29
      36
      48
      44
      30
      35
      33
      31
      21
      40
      26
      25
      23
      32
      36
      31
      29
      34
      20
      26
      31
      30
      18
      29
      23
      19
      26
      31
      19
      21
      22
      31
      14
      16
      20
      25
      28
      21
      28
      27
      25
      17
      26
      30
      16
      26
      27
      20
      28
      21
      24
      18
      26
      11
      26
      23
      21
      20
      13
      20
       8
      18
      13
      21
      25
      12
      14
      20
      22
      25
      16
      28
      22
      18
      17
      21
      16
      18
      16
      10
      18
      20
      21
      17
      18
      13
      17
      19
      13
      17
      15
      11
      16
      14
       9
      19
      16
      14
      14
      15
      11
      17
      10
      10
      11
      12
      14
      27
      18
      19
      10
      11
      17
      15
      16
      10
      16
      13
      17
      12
      16
      15
      17
      11
      12
       8
       9
      11
      12
       9
      17
      12
      11
       8
      22
       8
       7
      20
      10
      11
       8
      12
      13
       9
       8
       9
      10
      11
       9
      10
      18
      14
       7
       9
       5
       6
      14
       8
       3
       8
       4
       9
      11
       5
      15
       8
       8
       8
       8
      10
       8
      18
      12
      12
       8
       8
      10
      11
       4
       8
       7
       8
       9
      12
      15
      11
       8
      13
       7
       8
       8
      11
      12
       8
       6
       6
       6
       7
       7
      12
      12
       6
      12
       7
      12
       3
      13
       7
       5
       8
      14
       5
       3
       9
       7
       6
       3
       9
       5
      13
       7
       6
       9
       8
       5
       8
       5
       7
       3
       7
       3
       7
       9
       8
       2
       6
       8
       8
       3
       4
       4
       2
       2
       4
       8
       7
       6
       4
       2
       2
       2
       4
       8
       3
       1
       2
       2
       5
       7
       3
       8
       2
       3
       5
       3
       4
       2
       3
       0
       3
       2
       4
       0
       5
       1
       3
       1
       3
       3
       6
       5
       4
       3
       3
       3
       2
       2
       3
       4
       0
       2
       1
       2
       2
       3
       4
       2
       3
       3
       3
       1
       4
       0
       3
       1
       4
       4
       5
       3
       0
       1
       5
       2
       3
       1
       2
       1
       4
       2
       4
       7
       1
       3
       1
       3
       4
       5
       0
       3
       3
       1
       1
       3
       2
       0
       2
       4
       1
       1
       0
       2
       1
       2
       5
       2
       0
       1
       4
       2
       2
       0
       0
       2
       0
       1
       4
       2
       1
       1
       2
       2
       3
       1
       2
       2
       1
       2
       1
       4
       2
       2
       2
       2
       4
       0
       3
       1
       0
       0
       1
       1
       1
       2
       4
       1
       4
       1
       0
       0
       1
       3
       1
       3
       0
       2
       1
       1
       1
       1
       0
       0
       2
       0
       0
       2
       1
       1
       0
       1
       3
       1
       1
       2
       0
       0
       1
       1
       1
       1
       1
       2
       1
       0
       1
       0
       1
       0
       3
       0
       0
       0
       2
       2
       0
       0
       3
       0
       0
       0
       2
       0
       3
       2
       2
       0
       0
       2
       0
       0
       2
       1
       1
       0
       0
       1
       1
       0
       1
       1
       3
       0
       0
       1
       0
       1
       2
       0
       0
       1
       0
       1
       4
       4
       1
       1
       1
       1
       0
       0
       0
       1
       0
       0
       1
       0
       0
       0
       2
       0
       0
       2
       2
       0
       1
       2
       0
       0
       2
       0
       1
       2
       1
       0
       1
       1
       1
       1
       1
       1
       1
       0
       0
       1
       1
       0
       0
       0
       2
       1
       0
       0
       2
       0
       2
       1
       1
       1
       0
       1
       1
       0
       0
       0
       1
       0
       0
       0
       0
       1
       0
       0
       1
       0
       1
       1
       2
       0
       0
       0
       1
       1
       0
       1
       0
       1
       1
       0
       0
       0
       1
       1
       0
       0
       0
       0
       1
       0
       1
       1
       0
       0
       0
       0
       0
       0
       0
       0
       0
       0
       0
       0
       0
       0
       0
       0
       0
       0
       0
       0
       0
       0
       0
       0
       0
       0
       0
       0
       0
       1
       0
       0
       0
       0
       0
       0
       0
       0
       0
       0
       1
       0
       0
       0
       0
       0
       1
       0
       1
       0
       0
       0
       0
       0
       0
       0
       0
       1
       0
       0
       0
       0
       0
       0
       0
       0
       0
       0
       0
       0
       1
       0
       0
       0
       0
       0
       0
       1
       0
       0
       0
       0
       0
       1
       0
       0
       1
       0
       0
       1
       0
       0
       0
       0
       0
       0
       0
       0
       0
       0
       0
       0
       0
       0
       0
       0
       0
       0
       0
       0
       2
       0
       1
       0
       1
       0
       0
       0
       0
       0
       0
       0
       0
       0
       0
       0
       0
       0
       0
       0
       0
       0
       0
       0
       0
       0
       0
       0
       0
       0
       1
       0
       0
       0
       1
       0
       0
       1
       0
       0
       0
       0
       0
       0
       0
       0
       0
       0
       0
       0
       0
       0
       0
       0
       0
       0
       1
       0
       1
       1
       0
       0
       0
       0
       0
       0
       0
       0
       1
       0
       0
       1
       0
       0
       1
       0
       0
       0
       0
       0
       0
       0
       0
       0
       0
       1
       0
       1
       1
       1
       0
       0
       0
       0
       0
       0
       1
       0
       0
       0
       0
       0
       0
       0
       0
       0
       0
       0
       0
       0
       0
       1
       0
       0
       0
       0
       0
       0
       0
       0
       0
       0
       1
       0
       0
       0
       0
       0
       0
       0
       0
       1
       0
       0
       0
       0
       0
       0
       0
       0
       0
       0
       0
       0
       0
       0
       0
       0
       0
       0
       0
       1
       0
       1
       0
       0
       0
       0
       0
       0
       1
       0
       0
       0
       0
       0
       0
       0
       1
       0
       0
       0
       0
       0
       0
       0
       0
       0
       0
       0
       0
       1
       0
       0
       0
       0
       1
       0
       0
       0
       0
       0
       0
       0
       0
       0
       0
       0
       1
       0
       0
       0
       0
       0
       0
       0
       0
       0
       0
       1
       0
       0
       0
       0
       0
       0
       0
       0
       0
       0
       0
       0
       0
       0
       0
       0
       0
       0
       1
       2
       0
       0
       0
       1
       0
       1
       0
       0
       0
       0
       0
       0
       0
       0
       1
       0
       0
       0
       0
       0
       0
       0
       0
       0
       0
       0
       0
       0
       0
       0
       0
       0
       0
       0
       0
       0
       0
       0
       0
       0
       0
       0
       2
       0
       0
       0
       0
       1
       0
       0
       0
       0
       0
       0
       0
       0
       0
       0
       0
       1
       0
       1
       0
       0
       0
       0
       0
       0
       0
       0
       0
       0
       0
       0
       0
       0
       0
       0
       1
       0
       0
       0
       1
       1
       0
       0
       0
       0
       0
       0
       0
       0
       0
       0
       0
       0
       0
       1
       0
       0
       0
       0
       0
       0
       0
       0
       0
       0
       0
       0
       1
       0
       1
       0
       0
       0
       0
       0
       0
       0
       0
       0
       0
       0
       0
       0
       0
       0
       0
       0
       0
       0
       0
       0
       0
       1
       0
       0
       0
       0
       0
       0
       0
       0
       0
       1
       0
       0
       0
       0
       0
       0
       0
       0
       0
       0
       0
       0
       0
       0
       1
       0
       0
       0
       0
       0
       1
       0
       0
       0
       0
       0
       0
       0
       0
       0
       0
       0
       0
       0
       0
       0
       0
       0
       0
       0
       0
       0
       0
       0
       0
       0
       0
       0
       0
       0
       0
       0
       0
       0
       0
       0
       0
       0
       0
       0
       0
       0
       0
       0
       0
       0
       0
       0
       0
       0
       0
       0
       0
       0
       0
       0
       0
       0
       0
       0
       0
       0
       0
       0
       0
       0
       0
       0
       0
       0
       0
       0
       0
       0
       0
       0
       0
       0
       0
       0
       0
       0
       0
       0
       0
       0
       0
       0
       0
       0
       0
       0
       0
       0
       0
       0
       0
       0
       0
       0
       0
       0
       0
       0
       0
       0
       0
       0
       0
       0
       0
       0
       0
       0
       0
       0
       0
       0
       0
       0
       0
       0
       0
       0
       0
       0
       0
       0
       0
       0
       0
       0
       0
       0
       0
       0
       0
       0
       0
       0
       0
       0
       0
       0
       0
       0
       0
       0
       0
       0
       0
       0
       0
       0
       0
       0
       0
       0
       0
       0
       0
       0
       0
       0
       0
       0
       0
       0
       0
       0
       0
       0
       0
       0
       0
       0
       0
       0
       0
       0
       0
       0
       0
       0
       0
       0
       0
       0
       0
       0
       0
       0
       0
       0
       0
       0
       0
       0
       0
       0
       0
       0
       0
       0
       0
       0
       0
       0
       0
       0
       0
       0
       0
       0
       0
       0
       0
       0
       0
       0
       0
       0
       0
       0
       0
       0
       0
       0
       0
       0
       0
       0
       0
       0
       0
       0
       0
       0
       0
       0
       0
       0
       0
       0
       0
       0
       0
       0
       0
       0
       0
       0
       0
       0
       0
       0
       0
       0
       0
       0
       0
       0
       0
       0
       0
       0
       0
       0
       0
       0
       0
       0
       0
       0
       0
       0
       0
       0
       0
       0
       0
       0
       1
       0
       0
       0
       0
       0
       0
       0
       0
       0
       0
       0
       0
       0
       0
       0
       0
       0
       0
       0
       0
       0
       0
       0
       0
       0
       0
       0
       0
       0
       0
       0
       0
       0
       0
       0
       0
       0
       0
       0
       0
       0
       0
       0
       0
       0
       0
       0
       0
       0
       0
       0
       0
       0
       0
       0
       0
       0
       0
       0
       0
       0
       0
       0
       0
       0
       0
       0
       0
       0
       0
       0
       0
       0
       0
       0
       0
       0
       0
       0
       0
       0
       0
       0
       0
       0
       0
       0
       0
       0
       0
       0
       0
       0
       0
       0
       0
       0
       0
       0
       0
       0
       0
       0
       0
       0
       0
       0
       0
       0
       0
       0
       0
       0
       0
       0
       0
       0
       0
       0
       0
       0
       0
       0
       0
       0
       0
       0
       0
       0
       0
       0
       0
       0
       0
       0
       0
       0
       0
       0
       0
       0
       0
       0
       0
       0
       0
       0
       0
       0
       0
       0
       0
       0
       0
       0
       0
       0
       0
       0
       0
       0
       0
       0
       0
       0
       0
       0
       0
       0
       0
       0
       0
       0
       0
       0
       0
       0
       0
       0
       0
       0
       0
       0
       0
       0
       0
       0
       0
       0
       0
       0
       0
       0
       0
       0
       0
       0
       0
       0
       0
       0
       0
       0
       0
       0
       0
       0
       0
       0
       0
       0
       0
       0
       0
       0
       0
       0
       0
       0
       0
       0
       0
       0
       0
       0
       0
       0
       0
       0
       0
       0
       0
       0
       0
       0
       0
       0
       0
       0
       0
       0
       0
       0
       0
       0
       0
       0
       0
       0
       0
       0
       0
       0
       0
       0
       0
       0
       0
       0
       0
       0
       0
       0
       0
       0
       0
       0
       0
       0
       0
       0
       0
       0
       0
       0
       0
       0
       0
       0
       0
       0
       0
       0
       0
       0
       0
       0
       0
       0
       0
       0
       0
       0
       0
       0
       0
       0
       0
       0
       0
       0
       0
       0
       0
       0
       0
       0
       0
       0
       0
       0
       0
       0
       0
       0
       0
       0
       0
       0
       0
       0
       0
       0
       0
       0
       0
       0
       0
       0
       0
       0
       0
       0
       0
       0
       0
       0
       0
       0
       0
       0
       0
       0
       0
       0
       0
       0
       0
       0
       0
       0
       0
       0
       0
       0
       0
       0
       0
       0
       0
       0
       0
       0
       0
       0
       0
       0
       0
       0
       0
       0
       0
       0
       0
       0
       0
       0
       0
       0
       0
       0
       0
       0
       0
       0
       0
       0
       0
       0
       0
       0
       0
       0
       0
       0
       0
       0
       0
       0
       0
       0
       0
       0
       0
       0
       0
       0
       0
       0
       0
       0
       0
       0
       0
       0
       0
       0
       0
       0
       0
       0
       0
       0
       0
       0
       0
       0
       0
       0
       0
       0
       0
       0
       0
       0
       0
       0
       0
       0
       0
       0
       0
       0
       0
       0
       0
       0
       0
       0
       0
       0
       0
       0
       0
       0
       0
       0
       0
       0
       0
       0
       0
       0
       0
       0
       0
       0
       0
       0
       0
       0
       0
       0
       0
       0
       0
       0
       0
       0
       0
       0
       0
       0
       0
       0
       0
       0
       0
       0
       0
       0
       0
       0
       0
       0
       0
       0
       0
       0
       0
       0
       0
       0
       0
       0
       0
       0
       0
       0
       0
       0
       0
       0
       0
       0
       0
       0
       0
       0
       0
       0
       0
       0
       0
       0
       0
       0
       0
       0
       0
       0
$ROI:
1
841 851
$PRESETS:
Real Time
600
0
$ENER_FIT:
0.000000 3.408247
$MCA_CAL:
3
0.000000E+000 3.408247E+000 0.000000E+000
$SHAPE_CAL:
3
0.000000E+000 0.000000E+000 0.000000E+000
