$SPEC_ID:
No sample description was entered.
$SPEC_REM:
DET# 2
DETDESC# DESKTOP-R52NV8M Easy-MCA-2k SN 13254640
AP# Maestro Version 6.05
$DATE_MEA:
11/29/2022 15:27:46
$MEAS_TIM:
298 300
$DATA:
0 2047
       0
       0
       0
       0
       0
       1
       0
       0
       0
       0
       1
       0
       0
       0
       0
       0
       1
       0
       0
       0
       0
       0
       0
       0
       0
       0
       0
       0
       1
       0
       1
       2
       1
       0
       0
       0
       0
       1
       0
       4
       1
       0
       1
       2
      55
     637
    1350
    1623
    1630
    1694
    1561
    1610
    1654
    1610
    1620
    1652
    1541
    1592
    1651
    1645
    1623
    1698
    1676
    1696
    1696
    1729
    1716
    1798
    1755
    1758
    1738
    1725
    1707
    1753
    1690
    1730
    1658
    1633
    1641
    1645
    1592
    1685
    1584
    1542
    1532
    1517
    1513
    1540
    1441
    1445
    1389
    1462
    1356
    1367
    1297
    1243
    1284
    1207
    1181
    1198
    1164
    1146
    1095
    1114
    1074
    1054
     995
    1011
    1067
    1003
     993
     926
     888
     865
     908
     878
     873
     850
     780
     851
     830
     826
     815
     800
     802
     717
     722
     765
     730
     717
     724
     703
     732
     738
     730
     708
     686
     738
     668
     713
     672
     650
     671
     676
     702
     647
     668
     646
     653
     683
     672
     672
     653
     606
     634
     613
     639
     584
     569
     650
     642
     568
     668
     615
     618
     572
     607
     600
     595
     579
     584
     578
     567
     604
     606
     599
     592
     613
     592
     658
     532
     613
     622
     557
     570
     606
     583
     564
     564
     554
     578
     572
     561
     542
     575
     528
     568
     564
     517
     562
     602
     561
     563
     556
     537
     576
     550
     570
     535
     542
     612
     556
     580
     537
     572
     559
     556
     580
     554
     583
     546
     620
     572
     572
     569
     526
     556
     560
     537
     560
     570
     622
     578
     570
     580
     569
     612
     609
     600
     588
     606
     563
     631
     588
     625
     586
     622
     643
     617
     581
     559
     588
     607
     616
     634
     558
     651
     630
     641
     629
     638
     627
     610
     576
     618
     628
     614
     572
     582
     567
     571
     601
     597
     564
     555
     583
     529
     554
     570
     557
     508
     533
     537
     484
     462
     516
     487
     474
     491
     499
     462
     458
     486
     460
     483
     466
     450
     479
     431
     439
     477
     458
     444
     445
     444
     452
     455
     444
     432
     497
     467
     452
     482
     486
     512
     467
     479
     481
     508
     512
     537
     568
     536
     537
     575
     554
     609
     540
     600
     625
     575
     654
     650
     665
     664
     627
     670
     714
     706
     729
     742
     663
     676
     692
     704
     697
     692
     691
     703
     699
     691
     643
     705
     678
     651
     648
     642
     684
     604
     600
     625
     604
     605
     588
     578
     613
     612
     575
     579
     577
     553
     517
     538
     605
     555
     583
     570
     577
     532
     528
     534
     591
     573
     577
     566
     580
     569
     521
     535
     570
     561
     523
     540
     560
     502
     508
     491
     488
     475
     448
     430
     415
     381
     446
     374
     342
     360
     386
     356
     356
     338
     305
     314
     293
     275
     284
     255
     244
     248
     240
     204
     231
     198
     183
     200
     188
     173
     164
     144
     131
     130
     144
     122
     110
     109
     110
     117
      93
     123
     101
      73
      84
      86
      65
      62
      63
      60
      40
      69
      44
      56
      54
      42
      34
      42
      36
      38
      40
      50
      51
      41
      25
      30
      18
      30
      26
      17
      27
      29
      27
      23
      25
      28
      19
      26
      16
      20
      23
      23
      18
      20
      18
      26
      15
      12
      17
      18
      13
      10
      18
      19
      12
      13
      11
      18
      11
      12
      13
      16
       9
      12
       7
       9
       7
      13
       8
       9
      12
      10
       6
       6
       6
      10
      12
      10
       7
       9
       9
       7
       9
       8
       7
       6
      11
       8
       7
       9
      15
       9
       4
       3
      11
       8
       6
       9
       8
       7
       3
       9
       1
      12
       8
       4
       2
       6
       4
       5
       4
       5
       4
       6
       8
       5
       5
       5
       4
       6
       9
       8
       4
       3
       1
       6
       3
       3
       5
       5
       7
       4
       6
       6
       6
       5
       5
       4
       8
       2
       7
       4
       5
       5
       4
       3
       5
       4
       3
       4
       2
       5
       5
       4
       5
       3
       1
       3
       5
       4
       5
       4
       4
       7
       5
       3
       3
       3
       5
       4
       5
       5
       2
       6
       2
      11
       4
       1
       5
       6
       3
       4
       5
       1
       3
       4
       4
       4
       7
       6
       6
       2
       7
       6
       6
       1
       5
       5
       3
       5
       2
       5
       3
       6
       3
       2
       6
       2
       4
       5
       0
       4
       2
       3
       5
       2
       4
       1
       4
       3
       3
       1
       2
       8
       2
       1
       3
       2
       1
       1
       5
       5
       2
       2
       4
       3
       3
       3
       2
       4
       4
       1
       2
       2
       4
       0
       2
       0
       2
       2
       2
       2
       7
       4
       0
       8
       3
       1
       4
       2
       3
       3
       2
       2
       1
       0
       1
       2
       1
       2
       3
       2
       0
       2
       2
       0
       1
       4
       0
       3
       4
       2
       0
       2
       5
       3
       0
       0
       0
       3
       3
       1
       4
       1
       3
       2
       4
       3
       2
       1
       2
       1
       0
       0
       1
       2
       1
       1
       3
       0
       1
       2
       0
       0
       0
       1
       2
       2
       2
       0
       1
       2
       0
       2
       3
       1
       0
       1
       2
       0
       1
       1
       1
       2
       2
       0
       0
       1
       0
       0
       0
       1
       1
       2
       1
       2
       2
       1
       2
       0
       0
       0
       1
       0
       1
       1
       2
       0
       0
       0
       1
       2
       0
       0
       0
       1
       0
       0
       1
       0
       1
       0
       1
       1
       0
       1
       1
       1
       1
       0
       1
       0
       0
       0
       0
       0
       0
       0
       0
       0
       1
       1
       0
       0
       0
       1
       0
       1
       0
       1
       0
       0
       0
       0
       0
       0
       1
       0
       0
       0
       0
       0
       0
       0
       1
       0
       0
       0
       1
       0
       0
       1
       0
       0
       1
       0
       0
       0
       0
       0
       0
       0
       0
       0
       0
       1
       0
       0
       1
       0
       0
       0
       0
       2
       0
       0
       0
       0
       0
       0
       0
       0
       0
       0
       0
       0
       0
       1
       0
       0
       0
       0
       0
       0
       0
       0
       0
       0
       0
       0
       0
       0
       0
       0
       0
       0
       1
       0
       0
       0
       0
       0
       0
       0
       0
       0
       1
       0
       0
       0
       0
       0
       0
       0
       0
       0
       0
       0
       0
       0
       0
       0
       0
       0
       0
       0
       0
       0
       0
       0
       0
       0
       0
       0
       0
       0
       0
       0
       0
       0
       2
       0
       0
       0
       0
       0
       0
       0
       0
       0
       0
       0
       0
       0
       0
       0
       0
       0
       0
       0
       0
       0
       0
       0
       0
       0
       0
       0
       0
       0
       0
       0
       0
       0
       0
       0
       0
       0
       0
       0
       0
       0
       0
       0
       0
       0
       0
       1
       0
       0
       0
       0
       0
       0
       0
       0
       0
       0
       0
       0
       0
       0
       0
       0
       1
       0
       0
       0
       0
       0
       0
       0
       0
       1
       0
       0
       0
       0
       0
       0
       0
       0
       0
       0
       0
       0
       0
       0
       1
       0
       0
       0
       0
       0
       0
       0
       0
       0
       1
       0
       0
       1
       0
       0
       0
       0
       0
       0
       0
       0
       0
       0
       0
       0
       0
       0
       0
       0
       0
       0
       0
       0
       0
       0
       0
       0
       0
       1
       0
       0
       0
       0
       0
       0
       0
       0
       0
       1
       0
       0
       0
       0
       0
       0
       0
       0
       0
       0
       0
       0
       0
       0
       0
       0
       0
       0
       0
       0
       0
       0
       0
       0
       0
       0
       0
       0
       0
       0
       0
       0
       0
       0
       0
       0
       0
       0
       0
       0
       0
       0
       0
       1
       1
       0
       1
       1
       0
       0
       1
       0
       0
       0
       0
       0
       0
       0
       0
       0
       1
       0
       0
       0
       0
       0
       0
       0
       0
       0
       0
       0
       0
       0
       0
       0
       0
       0
       0
       0
       0
       0
       0
       0
       0
       0
       0
       0
       0
       0
       0
       0
       0
       0
       0
       0
       0
       0
       0
       1
       0
       0
       0
       0
       0
       0
       0
       0
       0
       0
       0
       0
       0
       0
       0
       0
       0
       0
       0
       0
       0
       0
       0
       0
       0
       0
       0
       0
       0
       0
       0
       0
       0
       0
       0
       0
       0
       0
       0
       0
       0
       0
       0
       0
       0
       0
       0
       0
       0
       0
       0
       0
       0
       0
       0
       0
       0
       0
       0
       0
       0
       0
       0
       0
       0
       0
       0
       0
       0
       0
       0
       0
       0
       0
       0
       0
       0
       0
       0
       0
       0
       0
       0
       0
       0
       0
       0
       0
       0
       0
       0
       0
       0
       0
       0
       0
       0
       0
       0
       0
       0
       0
       0
       0
       0
       0
       0
       0
       0
       0
       0
       0
       0
       0
       0
       0
       0
       0
       0
       0
       0
       0
       0
       0
       0
       0
       0
       0
       0
       0
       0
       0
       0
       0
       0
       0
       0
       0
       0
       0
       0
       0
       0
       0
       0
       0
       0
       0
       0
       0
       0
       0
       0
       0
       0
       0
       0
       0
       0
       0
       0
       0
       0
       0
       0
       0
       0
       0
       0
       0
       0
       0
       0
       0
       0
       0
       0
       0
       0
       0
       0
       0
       0
       0
       0
       0
       0
       0
       0
       0
       0
       0
       0
       0
       0
       0
       0
       0
       0
       0
       0
       0
       0
       0
       0
       0
       0
       0
       0
       0
       0
       0
       0
       0
       0
       0
       0
       0
       0
       0
       0
       0
       0
       0
       0
       0
       0
       0
       0
       0
       0
       0
       0
       0
       0
       0
       0
       0
       0
       0
       0
       0
       0
       0
       0
       0
       0
       0
       0
       0
       0
       0
       0
       0
       0
       0
       0
       0
       0
       0
       0
       0
       0
       0
       0
       0
       0
       0
       0
       0
       0
       0
       0
       0
       0
       0
       0
       0
       0
       0
       0
       0
       0
       0
       0
       0
       0
       0
       0
       0
       0
       0
       0
       0
       0
       0
       0
       0
       0
       0
       0
       0
       0
       0
       0
       0
       0
       0
       0
       0
       0
       0
       0
       0
       0
       0
       0
       0
       0
       0
       0
       0
       0
       0
       0
       0
       0
       0
       0
       0
       0
       0
       0
       0
       0
       0
       0
       0
       0
       0
       0
       0
       0
       0
       0
       0
       0
       0
       0
       0
       0
       0
       0
       0
       0
       0
       0
       0
       0
       0
       0
       0
       0
       0
       0
       0
       0
       0
       0
       0
       0
       0
       0
       0
       0
       0
       0
       0
       0
       0
       0
       1
       0
       0
       0
       0
       0
       0
       0
       0
       0
       0
       0
       0
       0
       0
       0
       0
       0
       0
       0
       0
       0
       0
       0
       0
       0
       0
       0
       0
       0
       0
       0
       0
       0
       0
       0
       0
       0
       0
       0
       0
       0
       0
       0
       0
       0
       0
       0
       0
       0
       0
       0
       0
       0
       0
       0
       0
       0
       0
       0
       0
       0
       0
       0
       0
       0
       0
       0
       0
       0
       0
       0
       0
       0
       0
       0
       0
       0
       0
       0
       0
       0
       0
       0
       0
       0
       0
       0
       0
       0
       0
       0
       0
       0
       0
       0
       0
       0
       0
       0
       0
       0
       0
       0
       0
       0
       0
       0
       0
       0
       0
       0
       0
       0
       0
       0
       0
       0
       0
       0
       0
       0
       0
       0
       0
       0
       0
       0
       0
       0
       0
       0
       0
       0
       0
       0
       0
       0
       0
       0
       0
       0
       0
       0
       0
       0
       0
       0
       0
       0
       0
       0
       0
       0
       0
       0
       0
       0
       0
       0
       0
       0
       0
       0
       0
       0
       0
       0
       0
       0
       0
       0
       0
       0
       0
       0
       0
       0
       0
       0
       0
       0
       0
       0
       0
       0
       0
       0
       0
       0
       0
       0
       0
       0
       0
       0
       0
       0
       0
       0
       0
       0
       0
       0
       0
       0
       0
       0
       0
       0
       0
       0
       0
       0
       0
       0
       0
       0
       0
       0
       0
       0
       0
       0
       0
       0
       0
       0
       0
       0
       0
       0
       0
       0
       0
       0
       0
       0
       0
       0
       0
       0
       0
       0
       0
       0
       0
       0
       0
       0
       0
       0
       0
       0
       0
       0
       0
       0
       0
       0
       0
       0
       0
       0
       0
       0
       0
       0
       0
       0
       0
       0
       0
       0
       0
       0
       0
       0
       0
       0
       0
       0
       0
       0
       0
       0
       0
       0
       0
       0
       0
       0
       0
       0
       0
       0
       0
       0
       0
       0
       0
       0
       0
       0
       0
       0
       0
       0
       0
       0
       0
       0
       0
       0
       0
       0
       0
       0
       0
       0
       0
       0
       0
       0
       0
       0
       0
       0
       0
       0
       0
       0
       0
       0
       0
       0
       0
       0
       0
       0
       0
       0
       0
       0
       0
       0
       0
       0
       0
       0
       0
       0
       0
       0
       0
       0
       0
       0
       0
       0
       0
       0
       0
       0
       0
       0
       0
       0
       0
       0
       0
       0
       0
       0
       0
       0
       0
       0
       0
       0
       0
       0
       0
       0
       0
       0
       0
       0
       0
       0
       0
       0
       0
       0
       0
       0
       0
       0
       0
       0
       0
       0
       0
       0
       0
       0
       0
       0
       0
       0
       0
       0
       0
       0
       0
       0
       0
       0
       0
       0
       0
       0
       0
       0
       0
       0
       0
       0
       0
       0
       0
       0
       0
       0
       0
       0
       0
       0
       0
       0
       0
       0
       0
       0
       0
       0
       0
       0
       0
       0
       0
       0
       0
       0
       0
       0
       0
       0
       0
       0
       0
       0
       0
       0
       0
       0
       0
       0
       0
       0
       0
       0
$ROI:
1
841 851
$PRESETS:
Real Time
300
0
$ENER_FIT:
0.000000 3.408247
$MCA_CAL:
3
0.000000E+000 3.408247E+000 0.000000E+000
$SHAPE_CAL:
3
0.000000E+000 0.000000E+000 0.000000E+000
