$SPEC_ID:
No sample description was entered.
$SPEC_REM:
DET# 2
DETDESC# DESKTOP-R52NV8M Easy-MCA-2k SN 13254640
AP# Maestro Version 6.05
$DATE_MEA:
11/29/2022 15:33:50
$MEAS_TIM:
298 300
$DATA:
0 2047
       0
       0
       0
       0
       0
       0
       0
       1
       2
       0
       0
       0
       0
       0
       0
       0
       1
       0
       0
       0
       0
       0
       3
       0
       1
       0
       2
       2
       1
       1
       5
       1
       2
       3
       0
       1
       1
       0
       0
       0
       1
       3
       0
       3
      81
     681
    1522
    1743
    1704
    1683
    1707
    1640
    1674
    1601
    1611
    1626
    1649
    1644
    1521
    1617
    1560
    1665
    1664
    1642
    1669
    1638
    1664
    1732
    1698
    1742
    1692
    1598
    1687
    1674
    1674
    1733
    1654
    1605
    1610
    1576
    1596
    1575
    1522
    1429
    1414
    1481
    1439
    1418
    1403
    1410
    1341
    1370
    1268
    1399
    1286
    1278
    1262
    1238
    1219
    1113
    1169
    1098
    1126
    1087
    1066
    1094
     995
    1042
     997
     993
     984
     872
     904
     939
     953
     885
     924
     844
     831
     809
     854
     894
     785
     801
     770
     738
     771
     753
     765
     784
     765
     752
     689
     719
     685
     754
     734
     660
     647
     723
     663
     712
     683
     648
     680
     660
     679
     643
     660
     648
     635
     607
     670
     647
     653
     625
     675
     599
     643
     645
     642
     654
     635
     619
     592
     550
     585
     582
     616
     620
     593
     578
     578
     569
     605
     582
     580
     568
     560
     552
     593
     586
     556
     516
     588
     522
     570
     585
     574
     578
     521
     598
     609
     564
     548
     581
     577
     576
     540
     554
     545
     560
     543
     545
     557
     531
     560
     540
     526
     556
     555
     589
     526
     519
     576
     542
     553
     525
     533
     520
     558
     499
     542
     543
     564
     530
     596
     536
     529
     540
     546
     569
     551
     548
     555
     524
     609
     567
     552
     572
     561
     573
     526
     539
     580
     567
     614
     553
     568
     556
     611
     563
     566
     559
     605
     543
     563
     587
     530
     519
     551
     567
     571
     596
     597
     559
     591
     540
     567
     533
     564
     562
     552
     527
     561
     540
     512
     559
     531
     499
     494
     517
     491
     487
     476
     480
     498
     498
     487
     467
     493
     475
     442
     504
     438
     453
     475
     442
     507
     382
     448
     442
     447
     410
     476
     463
     431
     468
     490
     428
     425
     461
     424
     455
     457
     444
     469
     489
     492
     474
     481
     495
     484
     472
     507
     498
     525
     516
     514
     522
     537
     551
     582
     508
     543
     526
     604
     599
     614
     609
     602
     575
     639
     594
     579
     609
     576
     565
     621
     583
     586
     590
     609
     587
     625
     612
     544
     613
     579
     583
     553
     595
     601
     578
     598
     584
     574
     536
     585
     549
     548
     516
     557
     538
     555
     576
     520
     529
     532
     561
     493
     506
     510
     500
     488
     495
     478
     502
     528
     502
     437
     477
     454
     480
     482
     466
     424
     431
     396
     426
     387
     420
     413
     379
     398
     372
     392
     377
     332
     347
     331
     341
     296
     339
     295
     315
     289
     300
     288
     276
     250
     288
     256
     222
     278
     227
     219
     224
     225
     223
     188
     189
     176
     170
     159
     171
     146
     146
     142
     154
     143
     132
     104
     128
     107
     107
      94
      95
      98
      85
      77
      70
      76
      77
      55
      73
      64
      76
      61
      53
      45
      53
      44
      42
      31
      46
      35
      44
      37
      52
      34
      31
      30
      31
      22
      32
      26
      28
      25
      34
      26
      20
      17
      26
      17
      18
      16
      20
      17
       7
       8
      17
      13
      15
      16
       9
      11
      10
      20
      13
      21
       9
      15
       7
      15
      12
      11
      11
       8
      14
      13
       9
       9
      11
      12
      19
      11
       8
       7
       7
       5
       6
       8
      10
       8
       5
       8
      12
       9
       8
       7
      12
       8
       8
       7
       3
      10
      10
       5
      10
       8
       4
       3
       5
       6
       5
       4
       6
       5
       6
       6
       6
       5
       5
       8
       4
       5
       5
       6
       7
       1
       5
       3
       4
       5
       7
       6
       7
       7
       1
       9
       5
       5
       5
       4
       4
       3
       6
       8
       3
       3
       7
       3
       3
       6
       4
       0
       4
       2
       3
       3
       2
       6
       2
       5
       7
       4
       3
       4
       2
       5
       3
       3
       2
       1
       1
       4
       3
       5
       7
       2
       3
       4
       2
       3
       3
       5
       6
       3
       2
       0
      10
       2
       6
       3
       4
       5
       6
       3
       3
       7
       4
       4
       6
       7
       2
       2
       2
       3
       2
       1
       4
       2
       2
       6
       6
       4
       2
       2
       8
       6
       2
       2
       3
       1
       4
       3
       3
       6
       6
       2
       2
       6
       2
       0
       5
       3
       0
       6
       6
       1
       3
       2
       5
       4
       2
       2
       2
       1
       2
       4
       1
       0
       2
       2
       4
       2
       0
       2
       1
       1
       2
       5
       2
       3
       3
       2
       3
       2
       2
       2
       2
       0
       2
       1
       2
       1
       2
       2
       1
       2
       0
       2
       1
       3
       0
       0
       3
       4
       0
       2
       0
       2
       2
       3
       5
       3
       1
       2
       0
       3
       2
       3
       2
       0
       3
       0
       2
       2
       1
       4
       0
       3
       1
       0
       0
       2
       1
       0
       3
       1
       0
       2
       3
       1
       1
       0
       3
       2
       1
       3
       0
       0
       0
       0
       3
       2
       2
       0
       2
       3
       1
       0
       0
       0
       1
       0
       2
       0
       0
       1
       2
       1
       3
       4
       0
       2
       1
       0
       1
       1
       0
       2
       1
       1
       0
       1
       1
       1
       2
       1
       0
       1
       2
       1
       0
       0
       0
       1
       0
       1
       0
       1
       0
       1
       0
       0
       0
       0
       0
       0
       2
       0
       0
       0
       1
       0
       0
       2
       0
       2
       1
       0
       0
       0
       0
       1
       0
       0
       0
       0
       0
       0
       1
       0
       0
       0
       0
       0
       1
       1
       1
       1
       0
       2
       0
       0
       2
       0
       0
       1
       0
       1
       0
       0
       0
       0
       0
       1
       0
       0
       0
       1
       0
       0
       0
       0
       0
       0
       0
       1
       1
       0
       0
       0
       1
       0
       0
       1
       0
       0
       0
       0
       0
       0
       0
       0
       0
       2
       0
       0
       0
       0
       0
       0
       0
       0
       1
       0
       0
       0
       0
       0
       0
       0
       0
       0
       0
       0
       0
       0
       0
       0
       0
       0
       0
       0
       0
       0
       0
       0
       0
       0
       0
       0
       0
       0
       0
       1
       0
       0
       0
       0
       0
       0
       0
       0
       0
       0
       0
       0
       0
       0
       0
       0
       0
       1
       0
       0
       0
       0
       0
       0
       0
       0
       0
       0
       0
       0
       2
       0
       1
       0
       0
       1
       0
       0
       0
       0
       0
       0
       0
       0
       0
       0
       0
       0
       0
       0
       0
       0
       0
       0
       0
       0
       0
       0
       0
       0
       0
       0
       0
       0
       0
       0
       0
       1
       0
       0
       0
       0
       0
       0
       0
       0
       0
       0
       0
       0
       0
       0
       0
       0
       0
       0
       0
       0
       0
       0
       0
       0
       0
       0
       0
       0
       0
       0
       0
       0
       0
       0
       0
       0
       0
       0
       0
       0
       0
       0
       0
       0
       0
       0
       0
       1
       0
       0
       1
       0
       1
       0
       0
       0
       0
       0
       0
       0
       0
       1
       0
       0
       0
       0
       0
       0
       0
       0
       0
       0
       0
       0
       0
       0
       0
       0
       0
       0
       0
       0
       0
       0
       0
       0
       1
       0
       0
       0
       0
       0
       0
       0
       0
       0
       0
       0
       0
       0
       0
       0
       0
       0
       0
       0
       0
       0
       0
       0
       0
       0
       0
       0
       0
       0
       0
       0
       0
       0
       0
       0
       0
       0
       0
       0
       0
       0
       0
       0
       0
       0
       0
       0
       0
       0
       0
       0
       0
       0
       0
       0
       0
       0
       0
       0
       0
       0
       0
       0
       0
       0
       0
       0
       0
       0
       0
       0
       0
       0
       0
       0
       0
       0
       0
       0
       0
       0
       0
       0
       1
       0
       0
       0
       0
       0
       0
       0
       0
       0
       0
       0
       0
       0
       0
       0
       0
       0
       0
       0
       0
       0
       0
       0
       2
       0
       1
       0
       0
       0
       0
       0
       1
       0
       0
       0
       0
       0
       0
       0
       0
       0
       0
       0
       0
       0
       0
       0
       1
       0
       0
       0
       0
       0
       0
       0
       0
       0
       0
       0
       0
       0
       0
       0
       0
       0
       0
       0
       0
       0
       0
       0
       0
       0
       0
       0
       0
       0
       0
       0
       0
       0
       0
       0
       0
       0
       0
       0
       0
       0
       0
       0
       0
       0
       0
       0
       0
       0
       0
       0
       0
       0
       0
       0
       0
       0
       0
       0
       0
       0
       0
       0
       0
       0
       0
       0
       0
       0
       0
       0
       0
       0
       0
       0
       0
       0
       0
       0
       0
       0
       0
       0
       0
       0
       0
       0
       0
       0
       0
       0
       0
       0
       0
       0
       0
       0
       0
       0
       0
       0
       0
       0
       0
       0
       0
       0
       0
       0
       0
       0
       0
       0
       0
       0
       0
       0
       0
       0
       0
       0
       0
       0
       0
       0
       0
       0
       0
       0
       0
       0
       0
       0
       0
       0
       0
       0
       0
       0
       0
       0
       0
       0
       0
       0
       0
       0
       0
       0
       0
       0
       0
       0
       0
       0
       0
       0
       0
       0
       0
       0
       0
       0
       0
       0
       0
       0
       0
       0
       0
       0
       0
       0
       0
       0
       0
       0
       0
       0
       0
       0
       0
       0
       0
       0
       0
       0
       0
       0
       0
       0
       0
       0
       0
       0
       0
       0
       0
       0
       0
       0
       0
       0
       0
       0
       0
       0
       0
       0
       0
       0
       0
       0
       0
       0
       0
       0
       0
       0
       0
       0
       0
       0
       0
       0
       0
       0
       0
       0
       0
       0
       0
       0
       0
       0
       0
       0
       0
       0
       0
       0
       0
       0
       0
       0
       0
       0
       0
       0
       0
       0
       0
       0
       0
       0
       0
       0
       0
       0
       0
       0
       0
       0
       0
       0
       0
       0
       0
       0
       0
       0
       0
       0
       0
       0
       0
       0
       0
       0
       0
       0
       0
       0
       0
       0
       0
       0
       0
       0
       0
       0
       0
       0
       0
       0
       0
       0
       0
       0
       0
       0
       0
       0
       0
       0
       0
       0
       0
       0
       0
       0
       0
       0
       0
       0
       0
       0
       0
       0
       0
       0
       0
       0
       0
       0
       0
       0
       0
       0
       0
       0
       0
       0
       0
       0
       0
       0
       0
       0
       0
       0
       0
       0
       0
       0
       0
       0
       0
       0
       0
       0
       0
       0
       0
       0
       0
       0
       0
       0
       0
       0
       0
       0
       0
       0
       0
       0
       0
       0
       0
       0
       0
       0
       0
       0
       0
       0
       0
       0
       1
       0
       0
       0
       0
       0
       0
       0
       0
       0
       0
       0
       0
       0
       0
       0
       0
       0
       0
       0
       0
       0
       0
       0
       0
       0
       0
       0
       0
       0
       0
       0
       0
       0
       0
       0
       0
       0
       0
       0
       0
       0
       0
       0
       0
       0
       0
       0
       0
       0
       0
       0
       0
       0
       0
       0
       0
       0
       0
       0
       0
       0
       0
       0
       0
       0
       0
       0
       0
       0
       0
       0
       0
       0
       0
       0
       0
       0
       0
       0
       0
       0
       0
       0
       0
       0
       0
       0
       0
       0
       0
       0
       0
       0
       0
       0
       0
       0
       0
       0
       0
       0
       0
       0
       0
       0
       0
       0
       0
       0
       0
       0
       0
       0
       0
       0
       0
       0
       0
       0
       0
       0
       0
       0
       0
       0
       0
       0
       0
       0
       0
       0
       0
       0
       0
       0
       0
       0
       0
       0
       0
       0
       0
       0
       0
       0
       0
       0
       0
       0
       0
       0
       0
       0
       0
       0
       0
       0
       0
       0
       0
       0
       0
       0
       0
       0
       0
       0
       0
       0
       0
       0
       0
       0
       0
       0
       0
       0
       0
       0
       0
       0
       0
       0
       0
       0
       0
       0
       0
       0
       0
       0
       0
       0
       0
       0
       0
       0
       0
       0
       0
       0
       0
       0
       0
       0
       0
       0
       0
       0
       0
       0
       0
       0
       0
       0
       0
       0
       0
       0
       0
       0
       0
       0
       0
       0
       0
       0
       0
       0
       0
       0
       0
       0
       0
       0
       0
       0
       0
       0
       0
       0
       0
       0
       0
       0
       0
       0
       0
       0
       0
       0
       0
       0
       0
       0
       0
       0
       0
       0
       0
       0
       0
       0
       0
       0
       0
       0
       0
       0
       0
       0
       0
       0
       0
       0
       0
       0
       0
       0
       0
       0
       0
       0
       0
       0
       0
       0
       0
       0
       0
       0
       0
       0
       0
       0
       0
       0
       0
       0
       0
       0
       0
       0
       0
       0
       0
       0
       0
       0
       0
       0
       0
       0
       0
       0
       0
       0
       0
       0
       0
       0
       0
       0
       0
       0
       0
       0
       0
       0
       0
       0
       0
       0
       0
       0
       0
       0
       0
       0
       0
       0
       0
       0
       0
       0
       0
       0
       0
       0
       0
       0
       0
       0
       0
       0
       0
       0
       0
       0
       0
       0
       0
       0
       0
       0
       0
       0
       0
       0
       0
       0
       0
       0
       0
       0
       0
       0
       0
       0
       0
       0
       0
       0
       0
       0
       0
       0
       0
       0
       0
       0
       0
       0
       0
       0
       0
       0
       0
       0
       0
       0
       0
       0
       0
       0
       0
       0
       0
       0
       0
       0
       0
       0
       0
       0
       0
       0
       0
       0
       0
       0
       0
       0
       0
       0
       0
       0
       0
       0
       0
       0
       0
       0
       0
       0
       0
       0
       0
       0
       0
       0
       0
$ROI:
1
841 851
$PRESETS:
Real Time
300
0
$ENER_FIT:
0.000000 3.408247
$MCA_CAL:
3
0.000000E+000 3.408247E+000 0.000000E+000
$SHAPE_CAL:
3
0.000000E+000 0.000000E+000 0.000000E+000
