$SPEC_ID:
No sample description was entered.
$SPEC_REM:
DET# 2
DETDESC# DESKTOP-R52NV8M Easy-MCA-2k SN 13254640
AP# Maestro Version 6.05
$DATE_MEA:
11/29/2022 15:58:51
$MEAS_TIM:
298 300
$DATA:
0 2047
       0
       0
       0
       0
       0
       0
       1
       0
       0
       0
       0
       0
       0
       0
       0
       0
       0
       0
       0
       0
       0
       0
       1
       0
       0
       0
       1
       0
       1
       0
       0
       0
       0
       0
       0
       0
       1
       0
       0
       0
       2
       5
      10
      17
     104
     495
     913
    1039
    1079
    1042
    1046
    1071
    1017
    1015
    1000
    1024
     999
     969
    1006
    1006
     998
    1006
     994
     923
     967
    1014
     993
     954
    1011
    1045
     965
     942
     983
     904
     977
     971
     951
     968
     939
     906
     906
     912
     916
     943
     845
     827
     815
     885
     837
     886
     786
     843
     849
     834
     819
     794
     795
     794
     795
     786
     702
     761
     699
     683
     787
     711
     704
     623
     759
     662
     667
     674
     698
     673
     615
     672
     646
     587
     601
     616
     616
     624
     601
     610
     621
     561
     589
     602
     566
     559
     535
     592
     582
     527
     558
     538
     524
     583
     576
     541
     529
     504
     536
     576
     528
     504
     521
     503
     507
     482
     449
     491
     494
     498
     517
     535
     528
     483
     499
     458
     479
     480
     500
     475
     461
     485
     501
     471
     451
     476
     462
     476
     485
     461
     475
     501
     454
     490
     461
     478
     465
     441
     454
     469
     417
     472
     472
     446
     435
     438
     427
     449
     466
     461
     437
     442
     437
     454
     448
     425
     470
     475
     421
     389
     426
     456
     410
     423
     437
     407
     416
     453
     445
     464
     418
     392
     419
     461
     459
     449
     413
     439
     425
     427
     417
     426
     447
     433
     448
     415
     439
     428
     433
     426
     434
     437
     471
     418
     439
     438
     431
     473
     436
     402
     416
     387
     424
     381
     398
     418
     393
     403
     410
     442
     438
     370
     404
     405
     391
     408
     382
     420
     389
     391
     408
     391
     391
     399
     346
     401
     391
     347
     368
     375
     356
     364
     394
     365
     342
     372
     366
     366
     376
     338
     369
     380
     361
     354
     343
     343
     333
     378
     320
     359
     377
     347
     392
     351
     398
     372
     384
     415
     413
     372
     381
     446
     381
     405
     418
     452
     452
     438
     411
     443
     420
     443
     440
     460
     442
     427
     428
     419
     402
     399
     395
     410
     426
     398
     345
     311
     369
     365
     371
     342
     330
     347
     392
     350
     349
     367
     353
     360
     353
     349
     385
     373
     381
     350
     328
     377
     390
     375
     386
     399
     378
     390
     378
     370
     417
     415
     412
     378
     384
     365
     361
     308
     358
     312
     332
     336
     332
     295
     308
     309
     300
     326
     310
     281
     298
     257
     306
     284
     283
     297
     252
     274
     278
     258
     267
     293
     253
     251
     247
     269
     244
     244
     203
     256
     197
     220
     230
     245
     254
     262
     216
     238
     196
     228
     208
     217
     210
     197
     217
     201
     184
     195
     205
     204
     172
     203
     196
     182
     192
     163
     189
     161
     195
     202
     195
     192
     179
     170
     194
     182
     208
     180
     177
     168
     192
     155
     175
     183
     168
     166
     172
     175
     150
     155
     159
     121
     136
     148
     141
     135
     140
     120
     134
     128
     131
     114
     139
     124
     110
     127
     132
     131
     131
     114
     123
     126
     117
     100
     102
     124
     113
     105
      86
      99
     101
     110
     114
      82
     101
      91
      99
      96
      95
      89
      95
      78
      89
      83
      83
      65
      76
      80
      69
      69
      75
      85
      75
      70
      73
      73
      68
      52
      62
      65
      67
      51
      54
      64
      65
      67
      47
      57
      48
      62
      59
      50
      60
      55
      56
      52
      65
      44
      61
      49
      45
      58
      55
      43
      42
      54
      44
      48
      36
      40
      36
      39
      38
      30
      35
      49
      37
      36
      39
      28
      57
      39
      39
      39
      27
      48
      22
      27
      41
      32
      27
      38
      34
      33
      28
      46
      35
      33
      34
      35
      27
      36
      35
      30
      38
      29
      31
      23
      36
      27
      29
      30
      16
      33
      26
      28
      28
      36
      23
      20
      26
      31
      28
      20
      28
      15
      24
      33
      27
      34
      26
      26
      26
      27
      20
      25
      23
      23
      16
      24
      25
      17
      29
      22
      19
      25
      18
      20
      21
      18
      19
      20
      19
      17
      20
      27
      16
      23
       9
      26
      24
      16
      13
      18
      19
      19
      20
      15
      25
      15
      16
      23
      16
      17
      11
      19
      15
      16
      13
      17
      22
      14
      13
      11
      15
      18
      14
      20
      10
      12
      20
      15
      12
      11
      17
      16
      15
      15
      10
      17
       5
      11
      13
      14
      15
      14
      11
      11
      15
      11
      14
      10
      10
       9
       7
       7
      10
       9
       4
      10
       9
       8
       9
       8
       7
       6
       6
       5
       9
      12
       7
       7
       8
       7
       9
       5
      10
       9
       5
       2
       7
      10
       6
       9
       6
      11
       8
      12
       2
       5
      10
       5
       4
       8
       7
       6
       2
       5
       8
       4
       5
       3
       0
       7
       6
       8
       5
       4
       4
       4
       5
       2
       3
       3
       5
       4
       3
       4
       8
       2
       4
       2
       4
       2
       3
       3
       5
       2
       3
       1
       3
       1
       4
       1
       2
       4
       2
       3
       1
       0
       2
       6
       2
       2
       2
       3
       3
       1
       5
       2
       2
       6
       1
       1
       3
       4
       1
       6
       2
       2
       6
       0
       0
       1
       1
       1
       2
       0
       2
       2
       1
       1
       2
       2
       1
       2
       0
       1
       1
       3
       1
       2
       0
       0
       2
       1
       0
       0
       1
       1
       0
       3
       3
       1
       0
       1
       0
       1
       0
       0
       5
       1
       0
       0
       1
       0
       0
       0
       0
       1
       2
       1
       0
       1
       1
       3
       2
       0
       1
       2
       2
       0
       2
       0
       2
       0
       1
       0
       0
       0
       1
       1
       0
       1
       0
       2
       1
       0
       1
       3
       1
       0
       0
       2
       1
       0
       1
       0
       0
       0
       1
       0
       2
       0
       1
       3
       1
       1
       0
       0
       0
       0
       2
       1
       0
       2
       1
       2
       1
       0
       1
       0
       0
       0
       0
       0
       1
       1
       0
       0
       0
       1
       0
       0
       1
       0
       0
       0
       0
       0
       1
       0
       1
       0
       0
       4
       0
       0
       0
       0
       1
       0
       0
       0
       2
       0
       2
       0
       0
       0
       0
       1
       0
       0
       1
       1
       0
       0
       2
       2
       0
       0
       0
       0
       0
       0
       1
       1
       0
       0
       0
       0
       2
       0
       0
       2
       0
       0
       0
       0
       0
       1
       0
       0
       1
       1
       0
       1
       0
       1
       0
       0
       0
       0
       1
       1
       0
       0
       1
       0
       2
       0
       0
       0
       0
       0
       0
       0
       1
       0
       0
       0
       0
       0
       0
       0
       1
       0
       0
       0
       0
       0
       0
       0
       0
       1
       0
       0
       0
       0
       0
       0
       0
       0
       0
       0
       0
       0
       0
       0
       0
       0
       0
       0
       0
       0
       0
       0
       0
       1
       1
       0
       0
       0
       0
       0
       0
       0
       0
       0
       0
       0
       0
       1
       0
       0
       0
       0
       0
       1
       0
       1
       0
       0
       0
       0
       0
       0
       0
       1
       1
       0
       0
       0
       0
       1
       0
       0
       1
       0
       0
       0
       0
       0
       2
       0
       1
       0
       1
       0
       0
       1
       0
       0
       1
       0
       0
       1
       0
       0
       0
       0
       0
       0
       0
       0
       0
       0
       0
       0
       0
       0
       0
       0
       0
       0
       0
       0
       0
       0
       0
       0
       0
       0
       0
       1
       0
       1
       0
       0
       0
       0
       0
       0
       0
       0
       0
       0
       0
       0
       0
       0
       0
       0
       1
       0
       0
       0
       0
       0
       0
       0
       0
       0
       0
       0
       0
       0
       0
       0
       0
       0
       0
       0
       0
       0
       1
       0
       1
       0
       0
       0
       0
       0
       0
       0
       0
       0
       0
       0
       0
       0
       0
       0
       0
       1
       0
       0
       1
       0
       0
       0
       0
       0
       0
       0
       0
       0
       0
       0
       0
       0
       0
       0
       0
       0
       0
       0
       0
       1
       0
       0
       0
       0
       0
       0
       0
       0
       0
       0
       0
       0
       0
       0
       0
       0
       0
       0
       0
       0
       0
       0
       0
       0
       0
       0
       0
       0
       0
       0
       0
       0
       0
       0
       0
       0
       0
       0
       0
       0
       0
       0
       0
       0
       0
       0
       0
       0
       0
       0
       0
       0
       0
       0
       0
       0
       0
       0
       0
       0
       0
       0
       0
       0
       0
       0
       0
       0
       0
       0
       0
       0
       0
       0
       0
       0
       0
       0
       0
       0
       0
       0
       0
       0
       0
       0
       0
       0
       1
       0
       0
       0
       0
       0
       0
       0
       0
       0
       0
       0
       0
       0
       0
       0
       0
       0
       0
       0
       0
       0
       0
       0
       0
       0
       0
       0
       0
       0
       0
       0
       0
       0
       0
       0
       0
       0
       0
       0
       0
       0
       0
       0
       0
       0
       0
       0
       0
       0
       0
       0
       0
       0
       0
       0
       0
       0
       0
       0
       0
       0
       0
       0
       0
       0
       0
       0
       0
       0
       0
       0
       0
       0
       0
       0
       0
       0
       0
       0
       0
       0
       0
       0
       0
       0
       0
       0
       0
       0
       0
       0
       0
       0
       0
       0
       0
       0
       0
       0
       0
       0
       0
       0
       0
       0
       0
       0
       0
       0
       0
       0
       0
       0
       0
       0
       0
       0
       0
       0
       0
       0
       0
       0
       0
       0
       0
       0
       0
       0
       0
       0
       0
       0
       0
       0
       0
       0
       0
       0
       0
       0
       0
       0
       0
       0
       0
       1
       0
       0
       0
       0
       0
       0
       0
       0
       0
       0
       0
       0
       0
       0
       0
       0
       0
       0
       0
       0
       0
       0
       0
       0
       0
       0
       0
       0
       0
       0
       0
       0
       0
       0
       0
       0
       0
       0
       0
       0
       0
       0
       0
       0
       0
       0
       0
       0
       0
       0
       0
       0
       0
       0
       0
       0
       0
       0
       0
       0
       0
       0
       0
       0
       0
       0
       0
       0
       0
       0
       0
       0
       0
       0
       0
       0
       0
       0
       0
       0
       0
       0
       0
       0
       0
       0
       0
       0
       0
       0
       0
       0
       0
       0
       0
       0
       0
       0
       0
       0
       0
       0
       0
       0
       0
       0
       0
       0
       0
       0
       0
       0
       0
       0
       0
       0
       0
       0
       0
       0
       0
       0
       0
       0
       0
       0
       0
       0
       0
       0
       0
       0
       0
       0
       0
       0
       0
       0
       0
       0
       0
       0
       0
       0
       0
       0
       0
       0
       0
       0
       0
       0
       0
       0
       0
       0
       0
       0
       0
       0
       0
       0
       0
       0
       0
       0
       0
       0
       0
       0
       0
       0
       0
       0
       0
       0
       0
       0
       0
       0
       0
       0
       0
       0
       0
       0
       0
       0
       0
       1
       0
       0
       0
       0
       0
       0
       0
       0
       0
       0
       0
       0
       0
       0
       0
       0
       0
       0
       0
       0
       0
       0
       0
       0
       0
       0
       0
       0
       0
       0
       0
       0
       0
       0
       0
       0
       0
       0
       0
       0
       1
       0
       0
       0
       0
       0
       0
       0
       0
       0
       0
       0
       0
       0
       0
       0
       0
       0
       0
       0
       0
       0
       0
       0
       0
       0
       0
       0
       0
       0
       0
       0
       0
       0
       0
       0
       0
       0
       0
       0
       0
       0
       0
       0
       0
       0
       0
       0
       0
       0
       0
       0
       0
       0
       0
       0
       0
       0
       0
       0
       0
       0
       0
       0
       0
       0
       0
       0
       0
       0
       0
       0
       0
       0
       0
       0
       0
       0
       0
       0
       0
       0
       0
       0
       0
       0
       0
       0
       0
       0
       0
       0
       0
       0
       0
       0
       0
       0
       0
       0
       0
       0
       0
       0
       0
       0
       0
       0
       0
       0
       0
       0
       0
       0
       0
       0
       0
       0
       0
       0
       0
       0
       0
       0
       0
       0
       0
       0
       0
       0
       0
       0
       0
       0
       0
       0
       0
       0
       0
       0
       0
       0
       0
       0
       0
       0
       0
       0
       0
       0
       0
       0
       0
       0
       0
       0
       0
       0
       0
       0
       0
       0
       0
       0
       0
       0
       0
       0
       0
       0
       0
       0
       0
       0
       0
       0
       0
       0
       0
       0
       0
       0
       0
       0
       0
       0
       0
       0
       0
       0
       0
       0
       0
       0
       0
       0
       0
       0
       0
       0
       0
       0
       0
       0
       0
       0
       0
       0
       0
       0
       0
       0
       0
       0
       0
       0
       0
       0
       0
       0
       0
       0
       0
       0
       0
       0
       0
       0
       0
       0
       0
       0
       0
       0
       0
       0
       0
       0
       0
       0
       0
       0
       0
       0
       0
       0
       0
       0
       0
       0
       0
       0
       0
       0
       0
       0
       0
       0
       0
       0
       0
       0
       0
       0
       0
       0
       0
       0
       0
       0
       0
       0
       0
       0
       0
       0
       0
       0
       0
       0
       0
       0
       0
       0
       0
       0
       0
       0
       0
       0
       0
       0
       0
       0
       0
       0
       0
       0
       0
       0
       0
       0
       0
       0
       0
       0
       0
       0
       0
       0
       0
       0
       0
       0
       0
       0
       0
       0
       0
       0
       0
       0
       0
       0
       0
       0
       0
       0
       0
       0
       0
       0
       0
       0
       0
       0
       0
       0
       0
       0
       0
       0
       0
       0
       0
       0
       0
       0
       0
       0
       0
       0
       0
       0
       0
       0
       0
       0
       0
       0
       0
       0
       0
       0
       0
       0
       0
       0
       0
       0
       0
       0
       0
       0
$ROI:
1
841 851
$PRESETS:
Real Time
300
0
$ENER_FIT:
0.000000 3.408247
$MCA_CAL:
3
0.000000E+000 3.408247E+000 0.000000E+000
$SHAPE_CAL:
3
0.000000E+000 0.000000E+000 0.000000E+000
