$SPEC_ID:
No sample description was entered.
$SPEC_REM:
DET# 2
DETDESC# DESKTOP-R52NV8M Easy-MCA-2k SN 13254640
AP# Maestro Version 6.05
$DATE_MEA:
11/29/2022 15:52:29
$MEAS_TIM:
298 300
$DATA:
0 2047
       0
       0
       0
       0
       0
       0
       0
       0
       0
       0
       0
       0
       0
       1
       0
       0
       0
       0
       0
       0
       0
       1
       0
       0
       0
       0
       0
       0
       0
       0
       0
       0
       0
       0
       0
       0
       0
       1
       1
       1
       0
       0
       0
       1
      31
     422
     921
    1182
    1154
    1097
    1100
    1030
    1120
    1137
    1105
    1142
    1144
    1187
    1231
    1168
    1211
    1217
    1239
    1292
    1296
    1244
    1199
    1179
    1234
    1258
    1280
    1173
    1157
    1220
    1221
    1218
    1149
    1086
    1056
    1116
    1094
    1035
    1082
    1090
    1061
    1006
    1040
    1027
    1010
    1001
     973
     970
     983
     884
     955
     865
     848
     878
     855
     849
     814
     836
     830
     770
     831
     750
     770
     744
     752
     742
     782
     741
     689
     758
     710
     655
     695
     681
     715
     681
     654
     639
     686
     662
     642
     611
     681
     606
     637
     644
     602
     616
     639
     603
     629
     644
     624
     632
     614
     665
     605
     651
     603
     599
     597
     607
     576
     560
     590
     594
     588
     544
     596
     598
     595
     550
     566
     546
     558
     551
     553
     536
     589
     580
     565
     514
     564
     562
     565
     565
     517
     521
     492
     544
     510
     574
     540
     549
     552
     533
     512
     524
     488
     507
     557
     528
     539
     506
     543
     522
     524
     474
     565
     504
     558
     484
     519
     544
     476
     546
     477
     489
     541
     541
     534
     517
     521
     500
     528
     515
     529
     565
     580
     544
     563
     531
     514
     521
     555
     553
     517
     505
     522
     514
     524
     548
     559
     523
     524
     511
     525
     533
     521
     546
     526
     536
     526
     558
     531
     564
     530
     581
     502
     553
     531
     555
     522
     544
     485
     528
     522
     520
     505
     511
     532
     477
     507
     512
     484
     481
     474
     481
     489
     449
     457
     438
     469
     413
     414
     407
     449
     426
     434
     430
     362
     444
     450
     415
     420
     437
     411
     407
     416
     388
     385
     378
     353
     361
     349
     388
     393
     396
     392
     403
     408
     419
     420
     469
     461
     436
     486
     466
     494
     481
     569
     547
     582
     592
     609
     625
     655
     651
     672
     677
     639
     706
     658
     648
     622
     649
     627
     567
     554
     559
     527
     528
     504
     539
     483
     464
     432
     441
     479
     435
     384
     421
     381
     407
     358
     389
     383
     392
     407
     439
     471
     452
     472
     470
     500
     456
     478
     552
     506
     501
     536
     548
     569
     541
     581
     537
     559
     556
     486
     491
     508
     449
     485
     448
     455
     422
     382
     399
     405
     375
     332
     326
     313
     334
     277
     270
     280
     266
     269
     252
     248
     229
     197
     251
     219
     220
     198
     204
     191
     198
     175
     169
     144
     192
     166
     149
     165
     141
     138
     140
     142
     133
     133
     148
     155
     134
     114
     122
     133
     123
     128
     122
     125
     127
     130
     100
     111
      98
     115
     128
     122
     124
     118
     107
     108
      95
     101
      91
     103
      88
      94
     102
     103
      76
      75
      79
      79
      90
      90
      72
      77
      79
      71
      77
      77
      75
      73
      59
      78
      50
      70
      60
      61
      57
      64
      58
      72
      59
      49
      58
      42
      52
      39
      46
      52
      42
      50
      48
      44
      43
      55
      45
      33
      33
      43
      38
      37
      41
      42
      43
      33
      40
      33
      33
      49
      33
      37
      41
      37
      31
      27
      20
      38
      24
      34
      33
      31
      34
      19
      31
      15
      19
      28
      21
      24
      25
      21
      25
      19
      25
      21
      18
      16
      20
      18
      24
      17
      18
      18
      18
      14
      19
      22
      14
      19
      23
      13
      20
      12
      12
      20
      19
      15
      15
      16
      13
      12
      15
      11
      14
      14
      16
      17
      16
      13
      16
      16
      11
       9
      13
      15
      19
      14
      10
      12
      14
       5
      12
       8
      15
      12
       6
       9
      14
       9
      14
      15
       9
      13
      13
      10
      11
       6
      10
      13
       5
       8
      12
       3
       9
       8
       9
       5
       6
       9
       3
       7
       4
       3
       1
       6
       3
       1
       3
       5
       8
       5
       6
       3
       6
       5
       3
       6
       5
       5
       3
       2
       5
       6
       6
       6
       4
       3
       3
       5
       2
       5
       3
       1
       2
       1
       3
       3
       3
       2
       3
       2
       2
       3
       2
       1
       0
       4
       0
       2
       0
       1
       3
       4
       3
       3
       4
       4
       2
       1
       1
       3
       4
       0
       2
       4
       1
       2
       3
       0
       4
       1
       4
       1
       3
       0
       5
       0
       1
       1
       2
       2
       1
       0
       5
       2
       2
       1
       2
       2
       3
       3
       3
       0
       3
       1
       3
       3
       3
       2
       4
       3
       0
       2
       1
       2
       1
       3
       1
       3
       2
       0
       4
       1
       2
       3
       3
       2
       3
       2
       0
       0
       4
       0
       1
       0
       1
       0
       1
       0
       0
       0
       0
       2
       0
       2
       1
       1
       2
       0
       2
       0
       0
       1
       0
       1
       0
       0
       0
       1
       2
       1
       0
       1
       1
       3
       0
       1
       0
       1
       2
       0
       1
       1
       0
       0
       2
       2
       1
       0
       1
       1
       1
       3
       0
       0
       0
       0
       0
       1
       1
       1
       0
       0
       0
       0
       2
       1
       1
       1
       2
       0
       0
       0
       0
       0
       0
       0
       0
       0
       0
       0
       0
       0
       1
       1
       2
       0
       0
       0
       0
       0
       0
       0
       1
       0
       4
       0
       0
       1
       0
       0
       0
       0
       1
       0
       0
       0
       0
       0
       0
       0
       1
       0
       0
       0
       2
       0
       0
       1
       0
       0
       1
       0
       0
       0
       0
       0
       0
       1
       0
       0
       0
       0
       1
       0
       1
       0
       1
       0
       0
       0
       0
       0
       1
       0
       1
       0
       0
       0
       0
       0
       1
       0
       0
       0
       0
       0
       0
       2
       1
       0
       0
       0
       0
       0
       0
       1
       0
       0
       0
       0
       0
       1
       0
       0
       0
       0
       0
       0
       1
       0
       0
       1
       0
       0
       0
       0
       0
       1
       0
       0
       1
       0
       0
       0
       0
       0
       0
       2
       0
       0
       0
       0
       0
       1
       0
       0
       0
       0
       0
       2
       1
       0
       0
       0
       0
       0
       0
       0
       0
       0
       0
       0
       0
       0
       2
       0
       1
       0
       0
       0
       0
       0
       0
       0
       1
       0
       0
       0
       0
       0
       0
       0
       0
       0
       0
       0
       0
       0
       0
       0
       0
       1
       0
       0
       0
       0
       0
       0
       0
       0
       0
       0
       0
       0
       0
       0
       0
       0
       0
       0
       0
       0
       0
       0
       0
       0
       0
       0
       0
       0
       0
       0
       0
       0
       0
       0
       0
       0
       0
       0
       0
       0
       0
       0
       0
       0
       0
       0
       0
       0
       0
       0
       1
       0
       1
       0
       0
       0
       0
       0
       0
       0
       0
       1
       0
       0
       0
       0
       0
       0
       0
       0
       0
       0
       0
       1
       0
       0
       0
       0
       0
       1
       0
       1
       0
       0
       0
       1
       0
       0
       0
       0
       0
       2
       0
       0
       0
       0
       0
       0
       0
       0
       0
       0
       1
       0
       0
       0
       0
       0
       0
       0
       1
       0
       0
       0
       0
       0
       0
       0
       0
       0
       0
       1
       1
       0
       0
       0
       0
       0
       0
       0
       0
       0
       0
       0
       0
       0
       0
       0
       0
       0
       0
       0
       0
       0
       0
       0
       1
       0
       0
       0
       0
       0
       0
       0
       0
       0
       0
       0
       0
       0
       0
       0
       0
       0
       0
       0
       0
       0
       0
       0
       0
       0
       0
       0
       0
       0
       0
       0
       0
       0
       0
       0
       0
       0
       0
       0
       0
       0
       0
       0
       0
       0
       0
       0
       0
       0
       0
       0
       0
       0
       0
       0
       0
       0
       0
       0
       1
       0
       0
       0
       0
       0
       0
       0
       0
       0
       0
       0
       0
       0
       0
       0
       0
       0
       0
       0
       0
       0
       0
       0
       0
       0
       0
       0
       0
       0
       0
       0
       0
       0
       0
       0
       0
       1
       0
       0
       0
       0
       0
       0
       0
       0
       0
       0
       0
       0
       0
       0
       0
       0
       0
       0
       0
       0
       0
       0
       0
       0
       0
       0
       0
       0
       0
       0
       0
       0
       0
       0
       0
       0
       0
       0
       0
       0
       0
       0
       0
       0
       0
       0
       0
       0
       0
       0
       0
       0
       0
       0
       0
       0
       0
       0
       0
       0
       0
       0
       0
       0
       0
       0
       0
       0
       0
       0
       0
       0
       0
       0
       0
       0
       0
       0
       0
       0
       0
       0
       0
       0
       0
       0
       0
       0
       0
       0
       0
       0
       0
       0
       0
       0
       0
       0
       0
       0
       0
       0
       0
       0
       0
       0
       0
       0
       0
       0
       0
       0
       0
       0
       0
       0
       0
       0
       0
       0
       0
       0
       0
       0
       0
       0
       0
       0
       0
       0
       1
       0
       0
       0
       0
       0
       0
       0
       0
       0
       0
       0
       0
       0
       0
       0
       0
       0
       0
       0
       0
       0
       0
       0
       0
       0
       0
       0
       0
       0
       0
       0
       0
       0
       0
       0
       0
       0
       0
       0
       0
       0
       0
       0
       0
       0
       0
       0
       0
       0
       0
       0
       0
       0
       0
       0
       0
       0
       0
       0
       0
       0
       0
       1
       0
       0
       0
       0
       0
       0
       0
       0
       0
       0
       0
       0
       0
       0
       0
       0
       0
       0
       0
       0
       0
       0
       0
       0
       0
       0
       0
       0
       0
       0
       0
       0
       0
       0
       0
       0
       0
       0
       0
       0
       0
       0
       0
       0
       0
       0
       0
       0
       0
       0
       0
       0
       0
       0
       0
       0
       0
       0
       0
       0
       0
       0
       0
       0
       0
       0
       0
       0
       0
       0
       0
       0
       0
       0
       0
       0
       0
       0
       0
       0
       0
       0
       0
       0
       0
       0
       0
       0
       0
       0
       0
       0
       0
       0
       0
       0
       0
       0
       0
       0
       0
       0
       0
       0
       0
       0
       0
       0
       0
       0
       0
       0
       0
       0
       0
       0
       0
       0
       0
       0
       0
       0
       0
       0
       0
       0
       0
       0
       0
       0
       0
       0
       0
       0
       0
       0
       0
       0
       0
       0
       0
       0
       0
       0
       0
       0
       0
       0
       0
       0
       0
       0
       0
       0
       0
       0
       0
       0
       0
       0
       0
       0
       0
       0
       0
       0
       0
       0
       0
       0
       0
       0
       0
       0
       0
       0
       0
       0
       0
       0
       0
       0
       0
       0
       0
       0
       0
       0
       0
       0
       0
       0
       0
       0
       0
       0
       0
       0
       0
       0
       0
       0
       0
       0
       0
       0
       0
       0
       0
       0
       0
       0
       0
       0
       0
       0
       0
       0
       0
       0
       0
       0
       0
       0
       0
       0
       0
       0
       0
       0
       0
       0
       0
       0
       0
       0
       0
       0
       0
       0
       0
       0
       0
       0
       0
       0
       0
       0
       0
       0
       0
       1
       0
       0
       0
       0
       0
       0
       0
       0
       0
       0
       0
       0
       0
       0
       0
       0
       0
       0
       0
       0
       0
       0
       0
       0
       0
       0
       0
       0
       0
       0
       0
       0
       0
       0
       0
       0
       0
       0
       0
       0
       0
       0
       0
       0
       0
       0
       0
       0
       0
       0
       0
       0
       0
       0
       0
       0
       0
       0
       0
       0
       0
       0
       0
       0
       0
       0
       0
       0
       0
       0
       0
       0
       0
       0
       0
       0
       0
       0
       0
       0
       0
       0
       0
       0
       0
       0
       0
       0
       0
       0
       0
       0
       0
       0
       0
       0
       0
       0
       0
       0
       0
       0
       0
       0
       0
       0
       0
       0
       0
       0
       0
       0
       0
       0
       0
       0
       0
       0
       0
       0
       0
       0
       0
       0
       0
       0
       0
       0
       0
       0
       0
       0
       0
       0
       0
       0
       0
       0
       0
       0
       0
       0
       0
       0
       0
       0
       0
       0
       0
       0
       0
       0
       0
       0
       0
       0
       0
       0
       0
       0
       0
       0
       0
       0
       0
       0
       0
       0
       0
       0
       0
       0
       0
       0
       0
       0
       0
       0
       0
       0
       0
       0
       0
       0
       0
       0
       0
       0
       0
       0
       0
       0
       0
       0
       0
       0
       0
       0
       0
       0
       0
       0
       0
       0
       0
       0
       0
       0
       0
       0
       0
       0
       0
       0
       0
       0
       0
       0
       0
       0
       0
       0
       0
       0
       0
       0
       0
       0
       0
       0
       0
       0
       0
       0
       0
       0
       0
       0
       0
       0
       0
       0
       0
       0
       0
       0
       0
       0
       0
       0
       0
       0
       0
       0
       0
       0
       0
       0
       0
       0
       0
       0
       0
       0
       0
       0
       0
       0
       0
       0
       0
       0
       0
       0
       0
       0
       0
       0
       0
       0
       0
       0
       0
       0
       0
       0
       0
       0
       0
       0
       0
       0
       0
       0
       0
       0
       0
       0
       0
       0
       0
       0
       0
       0
       0
       0
       0
       0
       0
       0
       0
       0
       0
       0
       0
       0
       0
       0
       0
       0
       0
       0
       0
       0
       0
       0
       0
       0
       0
       0
       0
       0
       0
       0
       0
       0
       0
       0
       0
       0
       0
       0
       0
       0
       0
       0
       0
       0
       0
       0
       0
       0
       0
       0
       0
       0
       0
       0
       0
       0
       0
       0
       0
       0
       0
       0
       0
       0
       0
       0
       0
       0
       0
       0
       0
       0
       0
       0
       0
       0
       0
       0
       0
       0
       0
       0
       0
       0
       0
       0
       0
       0
       0
       0
       0
$ROI:
1
841 851
$PRESETS:
Real Time
300
0
$ENER_FIT:
0.000000 3.408247
$MCA_CAL:
3
0.000000E+000 3.408247E+000 0.000000E+000
$SHAPE_CAL:
3
0.000000E+000 0.000000E+000 0.000000E+000
