$SPEC_ID:
No sample description was entered.
$SPEC_REM:
DET# 2
DETDESC# DESKTOP-R52NV8M Easy-MCA-2k SN 13254640
AP# Maestro Version 6.05
$DATE_MEA:
11/29/2022 15:40:26
$MEAS_TIM:
298 300
$DATA:
0 2047
       0
       0
       0
       0
       0
       1
       1
       0
       0
       1
       0
       1
       0
       1
       0
       0
       0
       0
       0
       2
       1
       0
       0
       0
       1
       0
       0
       1
       1
       0
       2
       1
       0
       0
       1
       1
       0
       2
       0
       0
       0
       1
       1
       0
      66
     667
    1384
    1639
    1708
    1643
    1713
    1722
    1711
    1717
    1646
    1664
    1685
    1649
    1583
    1707
    1649
    1658
    1631
    1605
    1610
    1619
    1659
    1658
    1684
    1676
    1742
    1672
    1547
    1594
    1670
    1582
    1581
    1529
    1571
    1603
    1528
    1609
    1509
    1455
    1522
    1455
    1361
    1472
    1434
    1372
    1366
    1344
    1353
    1254
    1219
    1226
    1228
    1248
    1129
    1205
    1222
    1256
    1157
    1048
    1063
    1037
    1020
    1052
    1038
     974
     997
     945
     943
     950
     926
     916
     875
     899
     903
     907
     821
     861
     799
     821
     816
     852
     828
     775
     796
     731
     759
     751
     706
     718
     702
     748
     742
     726
     678
     695
     666
     701
     727
     654
     686
     654
     605
     668
     654
     611
     658
     653
     644
     642
     649
     643
     621
     630
     620
     633
     622
     629
     610
     538
     582
     604
     607
     589
     605
     539
     624
     574
     544
     559
     556
     541
     614
     595
     523
     570
     565
     560
     541
     558
     553
     568
     547
     555
     555
     585
     553
     549
     553
     563
     538
     515
     561
     519
     607
     517
     528
     513
     498
     489
     559
     558
     558
     550
     502
     512
     542
     557
     535
     510
     531
     496
     508
     505
     523
     519
     502
     550
     492
     501
     510
     463
     531
     488
     494
     538
     491
     498
     512
     465
     525
     547
     538
     528
     517
     547
     498
     494
     522
     480
     504
     514
     516
     500
     507
     526
     477
     563
     568
     513
     529
     515
     514
     507
     511
     488
     535
     519
     541
     521
     497
     529
     501
     487
     531
     505
     508
     512
     441
     487
     444
     483
     496
     524
     466
     492
     466
     489
     473
     499
     461
     489
     446
     423
     471
     475
     391
     436
     406
     420
     431
     468
     448
     405
     392
     424
     403
     402
     444
     417
     396
     416
     416
     418
     419
     409
     392
     391
     400
     379
     429
     411
     404
     422
     412
     427
     438
     432
     446
     430
     415
     426
     422
     431
     473
     452
     454
     509
     484
     492
     455
     492
     447
     464
     472
     507
     492
     459
     496
     461
     465
     511
     489
     460
     496
     493
     505
     516
     518
     490
     506
     497
     532
     488
     502
     487
     461
     489
     483
     494
     460
     479
     506
     447
     466
     462
     445
     463
     437
     425
     473
     446
     425
     444
     468
     430
     420
     460
     387
     412
     463
     449
     413
     460
     432
     396
     445
     438
     421
     396
     446
     425
     420
     435
     408
     428
     421
     400
     404
     379
     431
     355
     387
     354
     333
     319
     353
     372
     390
     338
     337
     313
     334
     337
     296
     297
     285
     285
     281
     248
     288
     228
     257
     234
     221
     199
     216
     216
     172
     203
     216
     204
     166
     208
     155
     177
     165
     173
     155
     164
     180
     159
     141
     151
     144
     123
     131
     134
     132
     122
     121
     116
     111
     117
     107
     103
      93
      84
      94
      92
      82
      82
      97
      85
      78
      86
      64
      78
      75
      62
      53
      76
      70
      63
      52
      47
      62
      56
      61
      47
      57
      43
      48
      47
      43
      33
      45
      32
      37
      38
      31
      31
      32
      39
      32
      26
      23
      23
      19
      31
      16
      14
      17
      19
      27
      20
      22
      19
      18
      15
      19
      17
       9
      15
      16
      14
      14
       9
      10
      13
      10
      12
      17
      13
       8
      15
      11
      13
      11
       9
      11
       6
       6
       6
      15
       9
       4
       5
       5
       7
       8
      11
      12
       9
       7
       3
       6
       8
      13
       5
       5
       9
       5
       9
       4
       1
       9
       2
       4
       2
       8
       6
       4
       5
       3
      10
       5
       5
       5
       4
       9
       6
       4
       6
       5
      10
       7
       3
       6
       3
       4
       6
       5
       6
       3
       6
       9
       7
       2
       5
       9
       3
       5
       3
       7
       3
       2
       6
       3
       5
       3
       5
       4
       5
       5
       4
       4
       4
       3
       3
       6
       2
       6
       5
       2
       4
       5
       1
       2
       4
       3
       4
       4
       3
       1
       4
       0
       1
       3
       1
       8
       6
       0
       6
       5
       3
       5
       4
       5
       1
       2
       2
       3
       3
       6
       1
       5
       4
       2
       2
       1
       5
       3
       4
       2
       2
       3
       3
       4
       2
       6
       3
       3
       1
       0
       1
       0
       1
       4
       2
       4
       2
       1
       1
       4
       2
       2
       2
       1
       1
       0
       1
       2
       3
       1
       4
       0
       5
       1
       2
       3
       1
       3
       3
       2
       3
       0
       3
       4
       1
       3
       1
       1
       0
       4
       4
       1
       3
       3
       5
       1
       4
       3
       1
       0
       3
       1
       1
       0
       2
       4
       1
       3
       4
       3
       0
       1
       3
       1
       1
       2
       3
       2
       2
       3
       0
       3
       0
       3
       2
       1
       2
       3
       1
       2
       1
       1
       1
       3
       2
       1
       2
       3
       2
       3
       2
       1
       2
       1
       1
       2
       1
       1
       0
       1
       1
       2
       3
       1
       1
       2
       2
       1
       0
       0
       0
       1
       2
       2
       0
       0
       2
       2
       1
       1
       1
       0
       0
       2
       2
       0
       0
       1
       1
       1
       1
       0
       1
       0
       1
       0
       1
       0
       2
       0
       2
       0
       1
       0
       1
       0
       0
       1
       3
       1
       2
       1
       0
       0
       1
       1
       1
       0
       0
       0
       1
       0
       0
       1
       0
       0
       0
       0
       1
       1
       0
       1
       0
       0
       1
       0
       2
       0
       0
       0
       1
       1
       0
       0
       1
       0
       1
       0
       0
       0
       1
       1
       0
       1
       0
       0
       1
       1
       1
       0
       1
       0
       0
       0
       0
       0
       0
       0
       2
       0
       0
       0
       0
       1
       0
       1
       1
       0
       1
       1
       0
       0
       1
       0
       0
       0
       0
       0
       0
       3
       0
       1
       0
       0
       0
       0
       0
       0
       1
       0
       0
       0
       0
       0
       0
       0
       0
       1
       0
       1
       0
       0
       0
       1
       0
       0
       1
       0
       0
       0
       0
       0
       0
       0
       0
       0
       0
       0
       0
       0
       0
       0
       0
       0
       0
       1
       0
       1
       1
       0
       0
       0
       0
       0
       0
       0
       0
       0
       0
       0
       0
       0
       0
       0
       0
       0
       0
       1
       0
       0
       0
       0
       0
       0
       0
       0
       0
       0
       0
       0
       0
       0
       0
       0
       0
       0
       0
       0
       0
       0
       0
       0
       0
       0
       0
       0
       0
       0
       0
       0
       0
       0
       0
       0
       1
       0
       0
       0
       0
       0
       0
       0
       0
       0
       0
       0
       0
       0
       0
       0
       0
       0
       0
       0
       0
       0
       1
       0
       0
       0
       0
       0
       0
       0
       0
       0
       0
       0
       0
       0
       0
       0
       0
       0
       0
       0
       0
       0
       0
       0
       0
       0
       0
       0
       0
       0
       0
       0
       0
       0
       0
       0
       0
       0
       0
       0
       0
       0
       0
       0
       0
       0
       0
       0
       0
       0
       0
       0
       0
       0
       0
       0
       0
       0
       0
       0
       1
       0
       0
       0
       0
       0
       0
       0
       0
       0
       0
       0
       0
       0
       0
       0
       0
       0
       0
       0
       0
       0
       0
       0
       0
       0
       0
       0
       1
       0
       0
       0
       0
       0
       0
       0
       1
       0
       0
       0
       0
       0
       0
       0
       0
       0
       0
       0
       0
       0
       0
       0
       0
       0
       0
       1
       0
       0
       0
       0
       0
       0
       0
       0
       0
       0
       0
       0
       0
       0
       0
       0
       0
       0
       0
       0
       0
       0
       0
       0
       1
       0
       0
       0
       0
       0
       0
       0
       0
       0
       0
       0
       0
       0
       0
       0
       0
       0
       0
       0
       0
       0
       0
       0
       0
       0
       0
       0
       0
       0
       0
       0
       0
       0
       0
       0
       0
       0
       0
       0
       0
       0
       1
       0
       0
       0
       0
       0
       0
       0
       0
       0
       0
       0
       0
       0
       0
       0
       0
       0
       0
       0
       0
       0
       0
       0
       0
       0
       0
       0
       0
       0
       0
       0
       0
       0
       0
       0
       0
       0
       0
       0
       0
       0
       0
       1
       0
       0
       0
       0
       0
       0
       0
       0
       0
       0
       0
       0
       0
       0
       0
       0
       0
       0
       0
       0
       0
       0
       0
       0
       0
       0
       0
       0
       0
       0
       0
       0
       0
       0
       0
       0
       0
       0
       0
       0
       0
       0
       0
       0
       0
       0
       0
       0
       0
       0
       0
       0
       0
       0
       0
       0
       0
       0
       0
       0
       0
       0
       0
       0
       0
       0
       0
       0
       0
       0
       0
       0
       0
       0
       0
       0
       0
       0
       0
       0
       0
       0
       0
       0
       0
       0
       0
       0
       0
       0
       0
       0
       0
       0
       0
       0
       0
       0
       0
       0
       0
       0
       0
       0
       0
       0
       0
       0
       0
       0
       0
       0
       0
       0
       0
       0
       0
       0
       0
       0
       0
       0
       0
       0
       0
       0
       0
       0
       0
       0
       0
       0
       0
       0
       0
       0
       0
       0
       0
       0
       0
       0
       0
       0
       0
       0
       0
       0
       0
       0
       0
       0
       0
       0
       0
       0
       0
       0
       0
       0
       0
       0
       0
       0
       0
       0
       0
       0
       0
       0
       0
       0
       0
       0
       0
       0
       0
       0
       0
       0
       0
       0
       0
       0
       0
       0
       0
       0
       0
       0
       0
       0
       0
       0
       0
       0
       0
       0
       0
       0
       0
       0
       0
       0
       0
       0
       0
       0
       0
       0
       0
       0
       0
       0
       0
       0
       0
       0
       0
       0
       0
       0
       0
       0
       0
       0
       0
       0
       0
       0
       0
       0
       0
       0
       0
       0
       0
       0
       0
       0
       0
       0
       0
       0
       0
       0
       0
       0
       0
       0
       0
       0
       0
       0
       0
       0
       0
       0
       0
       0
       0
       0
       0
       0
       0
       0
       0
       0
       0
       0
       0
       0
       0
       0
       0
       0
       0
       0
       0
       0
       0
       0
       0
       0
       0
       0
       0
       0
       0
       0
       0
       0
       0
       0
       0
       0
       0
       0
       0
       0
       0
       0
       0
       0
       0
       0
       0
       0
       0
       0
       0
       0
       0
       0
       0
       0
       0
       0
       0
       0
       0
       0
       0
       0
       0
       0
       0
       0
       0
       0
       0
       0
       0
       0
       0
       0
       0
       0
       0
       0
       0
       0
       0
       0
       0
       0
       0
       0
       0
       0
       0
       0
       0
       0
       0
       0
       0
       0
       0
       0
       0
       0
       0
       0
       0
       0
       0
       0
       0
       0
       0
       0
       0
       0
       0
       0
       0
       0
       0
       0
       0
       0
       0
       0
       0
       0
       0
       0
       0
       0
       0
       0
       0
       0
       0
       0
       0
       0
       0
       0
       0
       0
       0
       0
       0
       0
       0
       0
       0
       0
       0
       0
       0
       0
       0
       0
       0
       0
       0
       0
       0
       0
       0
       0
       0
       0
       0
       0
       0
       0
       0
       0
       0
       0
       0
       0
       0
       0
       0
       0
       0
       0
       0
       0
       0
       0
       0
       0
       0
       0
       0
       0
       0
       0
       0
       0
       0
       0
       0
       0
       0
       0
       0
       0
       0
       0
       0
       0
       0
       0
       0
       0
       0
       0
       0
       0
       0
       0
       0
       0
       0
       0
       0
       0
       0
       0
       0
       0
       0
       0
       0
       0
       0
       0
       0
       0
       0
       0
       0
       0
       0
       0
       0
       0
       0
       0
       0
       0
       0
       0
       0
       0
       0
       0
       0
       0
       0
       0
       0
       0
       0
       0
       0
       0
       0
       0
       0
       0
       0
       0
       0
       0
       0
       0
       0
       0
       0
       0
       0
       0
       0
       0
       0
       0
       0
       0
       0
       0
       0
       0
       0
       0
       0
       0
       0
       0
       0
       0
       0
       0
       0
       0
       0
       0
       0
       0
       0
       0
       0
       0
       0
       0
       0
       0
       0
       0
       0
       0
       0
       0
       0
       0
       0
       0
       0
       0
       0
       0
       0
       0
       0
       0
       0
       0
       0
       0
       0
       0
       0
       0
       0
       0
       0
       0
       0
       0
       0
       0
       0
       0
       0
       0
       0
       0
       0
       0
       0
       0
       0
       0
       0
       0
       0
       0
       0
       0
       0
       0
       0
       0
       0
       0
       0
       0
       0
       0
       0
       0
       0
       0
       0
       0
       0
       0
       0
       0
       0
       0
       0
       0
       0
       0
       0
       0
       0
       0
       0
       0
       0
       0
       0
       0
       0
       0
       0
       0
       0
       0
       0
       0
       0
       0
       0
       0
       0
       0
       0
       0
       0
       0
       0
       0
       0
       0
       0
       0
       0
       0
       0
       0
       0
       0
       0
       0
       0
       0
       0
       0
       0
       0
       0
       0
       0
       0
       0
       0
       0
       0
       0
       0
       0
       0
       0
       0
       0
       0
       0
       0
       0
       0
       0
       0
       0
       0
       0
       0
       0
       0
       0
       0
       0
       0
       0
       0
       0
       0
       0
       0
       0
       0
       0
       0
       0
       0
       0
       0
       0
       0
       0
       0
       0
       0
       0
       0
       0
       0
       0
       0
       0
       0
       0
       0
       0
       0
       0
       0
       0
       0
       0
       0
       0
       0
       0
       0
       0
       0
       0
       0
       0
       0
       0
       0
       0
       0
       0
       0
       0
       0
       0
       0
       0
       0
       0
       0
       0
       0
       0
$ROI:
1
841 851
$PRESETS:
Real Time
300
0
$ENER_FIT:
0.000000 3.408247
$MCA_CAL:
3
0.000000E+000 3.408247E+000 0.000000E+000
$SHAPE_CAL:
3
0.000000E+000 0.000000E+000 0.000000E+000
