$SPEC_ID:
No sample description was entered.
$SPEC_REM:
DET# 2
DETDESC# DESKTOP-R52NV8M Easy-MCA-2k SN 13254640
AP# Maestro Version 6.05
$DATE_MEA:
11/29/2022 15:20:59
$MEAS_TIM:
298 300
$DATA:
0 2047
       0
       0
       0
       0
       0
       0
       0
       1
       0
       0
       0
       0
       0
       0
       1
       0
       0
       0
       0
       0
       2
       1
       2
       0
       1
       0
       1
       2
       0
       0
       0
       0
       0
       1
       1
       2
       0
       0
       1
       1
       1
       1
       0
       1
      66
     559
    1338
    1607
    1510
    1501
    1551
    1503
    1499
    1531
    1612
    1504
    1517
    1501
    1518
    1573
    1653
    1674
    1688
    1678
    1722
    1775
    1876
    1769
    1852
    1767
    1827
    1801
    1850
    1765
    1776
    1737
    1733
    1635
    1716
    1805
    1746
    1715
    1647
    1649
    1640
    1645
    1571
    1532
    1537
    1622
    1487
    1495
    1359
    1367
    1326
    1377
    1269
    1326
    1214
    1139
    1234
    1135
    1113
    1072
    1008
    1066
    1004
    1016
     941
    1006
     901
     941
     874
     917
     873
     827
     807
     846
     818
     852
     828
     737
     781
     775
     741
     726
     692
     674
     704
     660
     714
     700
     718
     650
     640
     664
     645
     721
     684
     668
     682
     672
     630
     643
     634
     658
     623
     650
     617
     642
     661
     618
     607
     630
     615
     562
     586
     595
     594
     595
     605
     580
     573
     606
     592
     566
     615
     611
     586
     618
     551
     590
     556
     553
     587
     557
     597
     588
     576
     540
     576
     585
     614
     567
     609
     563
     552
     577
     567
     552
     569
     554
     572
     567
     572
     579
     582
     591
     592
     552
     569
     599
     584
     652
     612
     589
     651
     630
     597
     604
     546
     568
     599
     584
     609
     630
     584
     605
     597
     576
     611
     598
     626
     591
     642
     624
     651
     650
     649
     632
     654
     659
     634
     673
     622
     638
     642
     661
     663
     655
     673
     682
     686
     644
     664
     695
     729
     686
     703
     686
     701
     714
     641
     669
     715
     677
     684
     630
     706
     710
     720
     650
     683
     682
     659
     647
     634
     669
     664
     652
     657
     572
     570
     584
     601
     548
     574
     571
     544
     574
     543
     551
     527
     542
     506
     499
     498
     514
     539
     514
     494
     487
     511
     480
     496
     475
     491
     488
     488
     453
     456
     479
     467
     499
     487
     515
     460
     462
     509
     550
     555
     563
     575
     633
     656
     691
     719
     705
     728
     740
     723
     743
     787
     790
     826
     842
     867
     854
     899
     874
     938
     887
     914
     926
     870
     866
     860
     887
     872
     850
     792
     800
     807
     781
     790
     755
     753
     708
     740
     693
     678
     688
     680
     702
     705
     693
     658
     705
     692
     649
     648
     733
     679
     703
     734
     715
     763
     730
     735
     728
     690
     721
     775
     752
     748
     736
     683
     669
     676
     686
     698
     674
     645
     652
     638
     616
     579
     569
     583
     568
     559
     558
     511
     515
     475
     473
     448
     439
     402
     387
     410
     373
     345
     326
     332
     318
     297
     287
     272
     277
     207
     221
     219
     198
     203
     190
     173
     168
     145
     139
     162
     148
     131
     123
     107
     129
      88
     105
      87
      91
      90
      84
      90
      68
      54
      64
      49
      50
      56
      62
      46
      44
      50
      42
      50
      25
      38
      23
      42
      36
      31
      40
      32
      22
      28
      37
      19
      19
      20
      26
      19
      17
      19
      17
      23
      17
      17
      19
      20
      14
      17
      24
      18
      14
      15
      13
      17
      19
      16
      16
      12
      13
      16
      17
      16
       8
      14
      13
      22
       8
      11
      10
      12
       6
      10
       9
      11
      17
      11
      10
      11
       6
      11
       6
       5
       6
       5
       5
      12
       6
       8
       4
      14
       5
       6
       5
       5
       8
       7
       7
      10
       5
      10
       5
       8
       7
       5
       3
      10
       6
       9
       8
       5
       4
       9
       5
       7
      11
       4
       4
       5
       8
       7
       7
       4
       7
       8
       5
       9
       5
       4
       6
       5
       2
       9
       4
       8
       7
       8
       5
       3
       7
       9
       9
       3
       7
       5
       3
       3
       5
       6
       4
       8
       5
       5
       7
       6
       4
       3
       7
       5
       3
       2
       9
       4
       2
       9
       6
       6
       6
       7
       4
       3
       2
       4
       1
       6
       3
       8
      11
       7
       6
       5
      13
       5
       7
       2
       5
       4
       6
       5
       1
       6
       3
       5
       3
       4
       3
       4
       3
       6
       5
       3
       8
       2
       4
       3
       1
       4
       6
       5
       3
       4
       4
       2
       5
       9
       4
       4
       5
       1
       4
       4
       3
       2
       4
       4
       4
       7
       5
       3
       1
       3
       4
       2
       6
       3
       3
       4
       1
       2
       3
       3
       3
       2
       2
       5
       5
       4
       0
       2
       4
       2
       2
       2
       5
       3
       1
       2
       1
       1
       3
       1
       2
       3
       3
       4
       6
       3
       4
       8
       5
       2
       3
       5
       5
       3
       4
       3
       3
       3
       2
       2
       4
       7
       4
       2
       3
       2
       4
       4
       2
       5
       1
       2
       3
       4
       1
       6
       2
       1
       6
       5
       2
       3
       1
       1
       2
       2
       2
       4
       2
       8
       5
       5
       4
       2
       2
       0
       2
       1
       2
       4
       0
       5
       1
       1
       0
       1
       2
       1
       4
       0
       2
       2
       1
       0
       1
       0
       2
       1
       4
       1
       0
       1
       1
       1
       3
       2
       0
       2
       0
       1
       0
       2
       2
       0
       1
       1
       0
       1
       0
       2
       1
       0
       0
       0
       0
       0
       0
       0
       0
       0
       0
       1
       1
       1
       0
       0
       0
       0
       0
       0
       1
       0
       0
       0
       0
       0
       1
       0
       0
       0
       1
       0
       0
       2
       2
       0
       0
       0
       0
       0
       0
       0
       1
       0
       0
       1
       1
       0
       0
       0
       0
       0
       0
       0
       1
       1
       0
       1
       0
       0
       0
       1
       0
       1
       0
       0
       0
       0
       0
       0
       0
       1
       0
       0
       0
       0
       0
       0
       2
       0
       0
       0
       0
       0
       0
       0
       0
       0
       0
       0
       0
       0
       0
       0
       0
       0
       0
       0
       0
       0
       0
       0
       1
       0
       0
       0
       0
       0
       0
       0
       0
       0
       0
       0
       0
       0
       0
       0
       0
       0
       1
       0
       0
       0
       0
       0
       0
       0
       0
       0
       0
       0
       0
       0
       0
       1
       0
       0
       0
       1
       0
       0
       0
       0
       0
       0
       0
       0
       0
       0
       1
       0
       0
       0
       0
       0
       1
       0
       0
       0
       0
       0
       0
       0
       0
       0
       0
       0
       0
       0
       0
       0
       0
       0
       0
       0
       0
       0
       0
       0
       0
       1
       0
       0
       0
       0
       0
       0
       0
       0
       0
       0
       0
       0
       0
       0
       0
       0
       0
       0
       0
       0
       0
       0
       0
       0
       0
       0
       0
       0
       0
       0
       0
       0
       0
       0
       0
       0
       0
       0
       0
       0
       0
       0
       0
       0
       0
       1
       0
       0
       0
       0
       0
       0
       0
       0
       0
       0
       0
       0
       0
       0
       0
       0
       0
       0
       0
       0
       0
       0
       0
       0
       0
       0
       0
       0
       0
       0
       0
       0
       0
       0
       0
       0
       0
       0
       0
       0
       0
       0
       0
       0
       0
       0
       0
       0
       0
       0
       0
       0
       0
       0
       0
       0
       0
       0
       0
       0
       0
       0
       0
       0
       0
       0
       1
       0
       0
       0
       0
       0
       0
       0
       0
       0
       0
       0
       0
       1
       0
       0
       0
       0
       0
       0
       1
       0
       0
       0
       0
       0
       0
       0
       1
       0
       0
       0
       0
       0
       0
       0
       0
       0
       0
       0
       0
       0
       0
       0
       0
       0
       0
       0
       0
       0
       0
       0
       0
       0
       0
       1
       0
       0
       0
       0
       0
       0
       0
       0
       0
       0
       0
       0
       0
       0
       0
       0
       0
       0
       0
       0
       0
       0
       0
       0
       0
       1
       0
       0
       0
       0
       0
       0
       0
       0
       0
       0
       0
       0
       0
       0
       0
       0
       0
       0
       0
       0
       0
       0
       0
       0
       0
       0
       0
       0
       0
       0
       0
       0
       0
       0
       0
       1
       0
       0
       0
       0
       0
       1
       0
       0
       0
       0
       0
       1
       0
       0
       0
       1
       0
       0
       0
       0
       0
       0
       0
       0
       0
       0
       0
       0
       0
       0
       0
       0
       0
       0
       0
       0
       0
       0
       0
       0
       0
       0
       0
       0
       0
       0
       0
       0
       0
       0
       0
       0
       0
       0
       0
       0
       0
       0
       0
       0
       0
       0
       0
       0
       0
       0
       0
       0
       0
       0
       0
       0
       0
       0
       0
       0
       0
       0
       0
       0
       0
       0
       0
       0
       0
       0
       0
       0
       0
       0
       0
       0
       0
       0
       0
       0
       0
       0
       0
       0
       0
       0
       0
       0
       0
       0
       0
       0
       0
       0
       0
       0
       0
       0
       0
       0
       0
       0
       0
       0
       0
       0
       0
       0
       0
       0
       0
       0
       0
       0
       0
       0
       0
       0
       0
       0
       0
       0
       0
       0
       0
       0
       0
       0
       1
       0
       0
       0
       0
       0
       0
       0
       0
       0
       0
       0
       0
       0
       0
       0
       0
       0
       0
       0
       0
       0
       0
       0
       0
       0
       0
       0
       0
       0
       0
       0
       0
       0
       0
       0
       0
       0
       0
       0
       0
       0
       0
       0
       0
       0
       0
       0
       0
       0
       0
       0
       0
       0
       0
       0
       0
       0
       0
       0
       0
       0
       0
       0
       0
       0
       0
       0
       0
       0
       1
       0
       0
       0
       0
       0
       0
       0
       0
       0
       0
       0
       0
       0
       0
       0
       0
       0
       0
       0
       0
       0
       0
       0
       0
       0
       0
       0
       0
       0
       0
       0
       0
       0
       0
       0
       0
       0
       0
       0
       0
       0
       0
       0
       0
       0
       0
       0
       0
       0
       0
       0
       0
       0
       0
       0
       0
       0
       0
       0
       0
       0
       0
       0
       0
       0
       0
       0
       0
       0
       0
       0
       0
       0
       0
       0
       0
       0
       0
       0
       0
       0
       0
       0
       0
       0
       0
       0
       0
       0
       0
       0
       0
       0
       0
       0
       0
       0
       0
       0
       0
       0
       0
       0
       0
       0
       0
       0
       0
       0
       0
       0
       0
       0
       0
       0
       0
       0
       0
       0
       0
       0
       0
       0
       0
       0
       0
       0
       0
       0
       0
       0
       0
       0
       0
       0
       0
       0
       0
       0
       0
       0
       0
       0
       0
       0
       0
       0
       0
       0
       0
       0
       0
       0
       0
       0
       0
       0
       0
       0
       0
       0
       0
       0
       0
       0
       0
       0
       0
       0
       0
       0
       0
       0
       0
       0
       0
       0
       0
       0
       0
       0
       0
       0
       0
       0
       0
       0
       0
       0
       0
       0
       0
       0
       0
       0
       0
       0
       0
       0
       0
       0
       0
       0
       0
       0
       0
       0
       0
       0
       0
       0
       0
       0
       0
       0
       0
       0
       0
       0
       0
       0
       0
       0
       0
       0
       0
       0
       0
       0
       0
       0
       0
       0
       0
       0
       0
       0
       0
       0
       0
       0
       0
       0
       0
       0
       0
       0
       0
       0
       0
       0
       0
       0
       0
       0
       0
       0
       0
       0
       0
       0
       0
       0
       0
       0
       0
       0
       0
       0
       0
       0
       0
       0
       0
       0
       0
       0
       0
       0
       0
       0
       0
       0
       0
       0
       0
       0
       0
       0
       0
       0
       0
       0
       0
       0
       0
       0
       0
       0
       0
       0
       0
       0
       0
       0
       0
       0
       0
       0
       0
       0
       0
       0
       0
       0
       0
       0
       0
       0
       0
       0
       0
       0
       0
       0
       0
       0
       0
       0
       0
       0
       0
       0
       0
       0
       0
       0
       0
       0
       0
       0
       0
       0
       0
       0
       0
       0
       0
       0
       0
       0
       0
       0
       0
       0
       0
       0
       0
       0
       0
       0
       0
       0
       0
       0
       0
       0
       0
       0
       0
       0
       0
       0
       0
       0
       0
       0
       0
       0
       0
       0
       0
       0
       0
       0
       0
       0
       0
       0
       0
       0
       0
       0
       0
       0
       0
       0
       0
       0
       0
       0
       0
       0
       0
       0
       0
       0
       0
       0
       0
       0
       0
       0
       0
       0
       0
       0
       0
       0
       0
       0
       0
       0
       0
       0
       0
       0
       0
       0
       0
       0
       0
       0
       0
       0
       0
       0
       0
       0
       0
       0
       0
       0
       0
       0
       0
       0
       0
       0
       0
       0
       0
       0
       0
       0
       0
       0
       0
       0
       0
       0
       0
       0
       0
       0
       0
       0
       0
       0
       0
       0
       0
       0
       0
       0
       0
       0
       0
       0
       0
       0
       0
       0
       0
       0
       0
       0
       0
       0
       0
       0
       0
       0
       0
       0
       0
       0
       0
       0
       0
       0
       0
       0
       0
       0
       0
       0
       0
       0
       0
       0
       0
       0
       0
       0
       0
       0
       0
       0
       0
       0
       0
       0
       0
       0
       0
       0
       0
       0
       0
       0
       0
       0
       0
       0
       0
       0
       0
       0
       0
       0
       0
       0
       0
       0
       0
       0
       0
       0
       0
       0
       0
       0
       0
       0
       0
       0
       0
       0
       0
       0
       0
       0
       0
       0
       0
       0
       0
       0
       0
       0
       0
       0
       0
       0
       0
       0
       0
       0
       0
       0
       0
       0
       0
       0
       0
       0
       0
       0
       0
       0
       0
       0
       0
       0
       0
       0
       0
       0
       0
       0
       0
       0
       0
       0
       0
       0
       0
       0
       0
       0
       0
       0
       0
       0
       0
       0
       0
       0
       0
       0
       0
       0
       0
       0
       0
       0
       0
       0
       0
       0
       0
       0
       0
       0
       0
       0
       0
$ROI:
1
841 851
$PRESETS:
Real Time
300
0
$ENER_FIT:
0.000000 3.408247
$MCA_CAL:
3
0.000000E+000 3.408247E+000 0.000000E+000
$SHAPE_CAL:
3
0.000000E+000 0.000000E+000 0.000000E+000
