$SPEC_ID:
No sample description was entered.
$SPEC_REM:
DET# 2
DETDESC# DESKTOP-R52NV8M Easy-MCA-2k SN 13254640
AP# Maestro Version 6.05
$DATE_MEA:
11/29/2022 15:46:30
$MEAS_TIM:
298 300
$DATA:
0 2047
       0
       0
       0
       0
       0
       1
       0
       0
       0
       0
       0
       0
       0
       0
       0
       0
       0
       0
       0
       0
       0
       0
       0
       2
       0
       1
       1
       0
       0
       1
       1
       0
       0
       0
       1
       0
       1
       0
       1
       0
       1
       1
       4
       0
      54
     657
    1403
    1698
    1771
    1599
    1632
    1639
    1688
    1745
    1697
    1662
    1690
    1665
    1565
    1718
    1723
    1692
    1654
    1690
    1642
    1635
    1637
    1661
    1619
    1611
    1575
    1633
    1408
    1570
    1554
    1501
    1415
    1485
    1392
    1415
    1428
    1407
    1390
    1367
    1317
    1325
    1261
    1189
    1276
    1234
    1250
    1208
    1123
    1120
    1072
    1134
    1065
    1083
    1026
    1047
    1044
    1025
     978
     902
     943
     894
     939
     938
     862
     904
     919
     825
     867
     876
     854
     801
     777
     826
     777
     748
     758
     803
     769
     757
     718
     736
     754
     739
     711
     706
     709
     697
     683
     697
     699
     696
     682
     665
     661
     650
     619
     631
     621
     668
     617
     638
     609
     672
     618
     625
     607
     572
     631
     647
     603
     577
     619
     575
     579
     613
     585
     643
     580
     551
     561
     580
     597
     578
     528
     543
     532
     563
     551
     525
     570
     529
     559
     531
     557
     507
     557
     520
     495
     491
     481
     508
     549
     564
     510
     468
     532
     518
     483
     535
     478
     526
     503
     542
     473
     488
     472
     488
     536
     523
     490
     503
     495
     511
     513
     475
     477
     504
     466
     455
     493
     484
     488
     487
     494
     496
     468
     495
     474
     492
     480
     512
     463
     506
     484
     460
     479
     495
     499
     444
     517
     461
     444
     455
     496
     469
     467
     470
     471
     488
     511
     492
     457
     475
     471
     459
     474
     433
     444
     441
     418
     476
     459
     411
     453
     437
     439
     462
     430
     384
     412
     407
     398
     412
     420
     419
     378
     394
     425
     396
     439
     411
     380
     384
     386
     406
     359
     375
     364
     403
     389
     389
     364
     343
     389
     374
     349
     355
     390
     396
     366
     393
     415
     354
     396
     330
     412
     411
     426
     374
     416
     409
     390
     385
     401
     395
     412
     406
     398
     432
     410
     407
     415
     415
     391
     405
     388
     350
     433
     390
     375
     400
     423
     368
     408
     397
     363
     367
     381
     391
     380
     386
     375
     382
     388
     374
     372
     410
     374
     378
     409
     383
     373
     401
     373
     391
     414
     412
     389
     403
     389
     379
     393
     384
     408
     380
     403
     365
     380
     407
     370
     363
     377
     340
     362
     365
     321
     307
     349
     291
     326
     298
     293
     300
     285
     283
     285
     257
     288
     264
     262
     236
     245
     250
     258
     233
     224
     239
     227
     211
     242
     214
     226
     227
     241
     200
     167
     196
     212
     190
     179
     194
     180
     169
     177
     177
     173
     161
     170
     158
     193
     138
     136
     154
     154
     165
     133
     127
     135
     121
     104
     115
     129
     121
     116
      93
      80
     101
      95
      91
      83
      85
      76
      92
      75
      71
      79
      67
      65
      79
      55
      74
      55
      69
      73
      45
      59
      48
      47
      35
      36
      35
      47
      39
      30
      40
      36
      24
      35
      28
      41
      30
      25
      23
      17
      20
      13
      15
      19
      13
      13
      24
      20
      13
      15
      18
      12
      13
      15
      15
      14
      10
      17
      12
       7
      12
       9
      10
       7
       7
      10
       6
       9
       4
       6
       6
       8
       8
      16
      11
       6
       5
       6
      13
       7
       5
       8
       5
       8
       5
       3
       5
       5
       4
       5
       7
       8
       5
       8
       1
       5
       3
       5
       7
       5
       5
       3
      10
       5
       5
       2
       4
       2
       3
       1
       2
       2
       2
       5
       5
       2
       1
       5
       5
       7
       3
       2
       6
       0
       6
       2
       6
       5
       5
       4
       1
       1
       4
       5
       3
       4
       2
       6
       4
       6
       1
       4
       3
       6
       5
       3
       0
       3
       3
       2
       1
       3
       3
       2
       3
       2
       1
       1
       5
       3
       2
       3
       1
       4
       1
       5
       2
       3
       2
       3
       4
       2
       1
       5
       1
       1
       2
       2
       2
       0
       2
       3
       2
       3
       3
       1
       1
       2
       3
       1
       2
       1
       5
       0
       3
       2
       2
       0
       1
       1
       2
       2
       3
       1
       2
       3
       4
       0
       3
       2
       1
       2
       2
       2
       1
       3
       3
       3
       1
       1
       5
       0
       3
       2
       0
       0
       2
       1
       0
       0
       1
       1
       1
       0
       0
       2
       2
       1
       1
       1
       2
       2
       1
       0
       4
       5
       0
       0
       1
       2
       1
       1
       5
       1
       4
       1
       0
       1
       1
       2
       1
       3
       1
       3
       1
       1
       0
       1
       1
       0
       0
       4
       0
       0
       2
       2
       1
       0
       0
       0
       2
       2
       0
       2
       2
       0
       2
       0
       0
       1
       2
       0
       3
       1
       1
       2
       0
       1
       0
       2
       2
       0
       2
       3
       1
       1
       2
       3
       1
       2
       1
       1
       0
       1
       1
       1
       2
       1
       0
       2
       1
       3
       0
       1
       0
       3
       1
       2
       0
       1
       0
       0
       1
       0
       0
       0
       1
       1
       0
       1
       0
       1
       1
       1
       0
       0
       2
       1
       1
       0
       1
       0
       1
       0
       0
       0
       0
       0
       2
       0
       0
       0
       0
       0
       0
       0
       3
       2
       0
       0
       0
       0
       0
       1
       3
       0
       0
       0
       1
       0
       0
       1
       0
       0
       1
       1
       0
       0
       0
       0
       0
       0
       0
       0
       1
       0
       0
       0
       2
       2
       0
       1
       1
       0
       0
       0
       0
       0
       0
       0
       0
       1
       0
       0
       0
       0
       0
       0
       0
       1
       1
       0
       0
       0
       0
       0
       0
       0
       0
       0
       0
       0
       0
       1
       0
       1
       0
       0
       0
       0
       0
       1
       0
       1
       0
       0
       0
       0
       0
       0
       0
       0
       0
       0
       0
       0
       0
       0
       0
       0
       0
       0
       0
       0
       0
       0
       0
       0
       1
       0
       0
       0
       0
       0
       0
       0
       0
       0
       0
       0
       0
       0
       0
       0
       0
       0
       0
       0
       0
       0
       0
       0
       0
       0
       0
       0
       0
       0
       0
       0
       0
       0
       0
       0
       1
       0
       0
       0
       0
       0
       1
       0
       0
       0
       0
       0
       0
       0
       0
       0
       0
       0
       0
       0
       0
       0
       0
       0
       0
       0
       0
       0
       0
       0
       0
       0
       0
       0
       0
       0
       0
       0
       0
       0
       0
       0
       0
       1
       0
       0
       0
       0
       0
       0
       0
       0
       0
       0
       0
       0
       0
       0
       0
       0
       0
       0
       0
       0
       0
       0
       0
       0
       0
       0
       0
       0
       0
       0
       0
       0
       0
       0
       0
       0
       1
       0
       0
       0
       0
       0
       0
       0
       0
       0
       0
       0
       0
       0
       0
       0
       1
       0
       0
       0
       0
       0
       0
       0
       1
       0
       0
       0
       0
       0
       0
       0
       0
       0
       0
       0
       0
       0
       0
       0
       0
       0
       0
       0
       0
       0
       0
       0
       0
       0
       0
       0
       0
       0
       0
       0
       0
       0
       0
       0
       0
       0
       0
       0
       0
       0
       0
       0
       1
       0
       0
       0
       1
       0
       0
       0
       0
       0
       1
       0
       0
       0
       0
       0
       0
       0
       0
       1
       0
       0
       0
       0
       0
       0
       0
       0
       0
       0
       0
       0
       0
       0
       0
       0
       0
       0
       0
       0
       0
       0
       0
       0
       0
       0
       0
       0
       0
       0
       0
       0
       0
       0
       0
       0
       0
       0
       0
       0
       0
       0
       0
       0
       0
       0
       0
       0
       0
       0
       0
       0
       0
       0
       0
       0
       0
       0
       0
       0
       0
       0
       0
       0
       0
       0
       0
       0
       0
       0
       0
       0
       0
       0
       0
       0
       0
       0
       0
       0
       0
       0
       0
       0
       0
       0
       0
       0
       0
       0
       0
       0
       0
       0
       0
       0
       0
       0
       0
       0
       0
       1
       0
       0
       2
       0
       0
       0
       0
       0
       0
       0
       0
       0
       0
       0
       0
       0
       0
       0
       0
       0
       0
       0
       0
       0
       0
       0
       0
       0
       0
       0
       0
       0
       0
       0
       0
       0
       0
       0
       0
       0
       0
       0
       0
       0
       0
       0
       0
       0
       0
       0
       0
       0
       0
       0
       0
       0
       0
       0
       0
       0
       0
       0
       0
       0
       0
       0
       0
       0
       0
       0
       0
       0
       0
       0
       0
       0
       0
       0
       0
       0
       0
       0
       0
       0
       0
       0
       0
       0
       0
       0
       0
       0
       0
       0
       0
       0
       0
       0
       0
       0
       0
       0
       0
       0
       0
       0
       0
       0
       0
       0
       0
       0
       0
       0
       0
       0
       0
       0
       0
       0
       0
       0
       0
       1
       0
       0
       0
       0
       0
       0
       0
       0
       0
       0
       0
       0
       0
       0
       0
       0
       0
       0
       0
       0
       0
       0
       0
       0
       0
       0
       0
       0
       0
       0
       0
       0
       0
       0
       0
       0
       0
       0
       0
       0
       0
       0
       0
       0
       0
       0
       0
       0
       0
       0
       0
       0
       0
       0
       0
       0
       0
       0
       0
       0
       0
       0
       0
       0
       0
       0
       0
       0
       0
       0
       0
       0
       0
       0
       0
       0
       0
       0
       0
       0
       0
       0
       0
       0
       0
       0
       0
       0
       0
       0
       0
       0
       0
       0
       0
       0
       0
       0
       0
       0
       0
       0
       0
       0
       0
       0
       0
       0
       0
       0
       0
       0
       0
       0
       0
       0
       0
       0
       0
       0
       0
       0
       0
       0
       0
       0
       0
       0
       0
       0
       0
       0
       0
       0
       0
       0
       0
       0
       0
       0
       0
       0
       0
       0
       0
       0
       0
       0
       0
       0
       0
       0
       0
       0
       0
       0
       0
       0
       0
       0
       0
       0
       0
       0
       0
       0
       0
       0
       0
       0
       0
       0
       0
       0
       0
       0
       0
       0
       0
       0
       0
       0
       0
       0
       0
       0
       0
       0
       0
       0
       0
       0
       0
       0
       0
       0
       0
       0
       0
       0
       0
       0
       0
       0
       0
       0
       0
       0
       0
       0
       0
       0
       0
       0
       0
       0
       0
       0
       0
       0
       0
       0
       0
       0
       0
       0
       0
       0
       0
       0
       0
       0
       0
       0
       0
       0
       0
       0
       0
       0
       0
       0
       0
       0
       0
       0
       0
       0
       0
       0
       0
       0
       0
       0
       0
       0
       0
       0
       0
       0
       0
       0
       0
       0
       0
       0
       0
       0
       0
       0
       0
       0
       0
       0
       0
       0
       0
       1
       0
       0
       0
       0
       0
       0
       0
       0
       0
       0
       0
       0
       0
       0
       0
       0
       0
       0
       0
       0
       0
       0
       0
       0
       0
       0
       0
       0
       0
       0
       0
       0
       0
       0
       0
       0
       0
       0
       0
       0
       0
       0
       0
       0
       0
       0
       0
       0
       0
       0
       0
       0
       0
       0
       0
       0
       0
       0
       0
       0
       0
       0
       0
       0
       0
       0
       0
       0
       0
       0
       0
       0
       0
       0
       0
       0
       0
       0
       0
       0
       0
       0
       0
       0
       0
       0
       0
       0
       0
       0
       0
       0
       0
       0
       0
       0
       0
       0
       0
       0
       0
       0
       0
       0
       0
       0
       0
       0
       0
       0
       0
       0
       0
       0
       0
       0
       0
       0
       0
       0
       0
       0
       0
       0
       0
       0
       0
       0
       0
       0
       0
       0
       0
       0
       0
       0
       0
       0
       0
       0
       0
       0
       0
       0
       0
       0
       0
       0
       0
       0
       0
       0
       0
       0
       0
       0
       0
       0
       0
       0
       0
       0
       0
       0
       0
       0
       0
       0
       0
       0
       0
       0
       0
       0
       0
       0
       0
       0
       0
       0
       0
       0
       0
       0
       0
       0
       0
       0
       0
       0
       0
       0
       0
       0
       0
       0
       0
       0
       0
       0
       0
       0
       0
       0
       0
       0
       0
       0
       0
       0
       0
       0
       0
       0
       0
       0
       0
       0
       0
       0
       0
       0
       0
       0
       0
       0
       0
       0
       0
       0
       0
       0
       0
       0
       0
       0
       0
       0
       0
       0
       0
       0
       0
       0
       0
       0
       0
       0
       0
       0
       0
       0
       0
       0
       0
       0
       0
       0
       0
       0
       0
       0
       0
       0
       0
       0
       0
       0
       0
       0
       0
       0
       0
       0
       0
       0
       0
       0
       0
       0
       0
       0
       0
       0
       0
       0
       0
       0
       0
       0
       0
       0
       0
       0
       0
       0
       0
       0
       0
       0
       0
       0
       0
       0
       0
       0
       0
       0
       0
       0
       0
       0
       0
       0
       0
       0
       0
       0
       0
       0
       0
       0
       0
       0
       0
       0
       0
       0
       0
       0
       0
       0
       0
       0
       0
       0
       0
       0
       0
       0
       0
       0
       0
       0
       0
       0
       0
       0
       0
       0
       0
       0
       0
       0
       0
       0
       0
       0
       0
       0
       0
       0
       0
       0
       0
       0
       0
       0
       0
       0
       0
       0
       0
       0
       0
       0
       0
       0
       0
       0
       0
       0
       0
       0
       0
       0
       0
       0
       0
       0
       0
       0
       0
       0
       0
       0
       0
       0
       0
       0
       0
       0
       0
       0
       0
       0
       0
       0
       0
       0
       0
       0
       0
       0
       0
       0
       0
       0
       0
       0
       0
       0
       0
       0
       0
       0
       0
       0
       0
       0
       0
       0
       0
       0
       0
       0
       0
       0
       0
       0
       0
       0
       0
$ROI:
1
841 851
$PRESETS:
Real Time
300
0
$ENER_FIT:
0.000000 3.408247
$MCA_CAL:
3
0.000000E+000 3.408247E+000 0.000000E+000
$SHAPE_CAL:
3
0.000000E+000 0.000000E+000 0.000000E+000
